Distance in bp(Fragment Length Estimate: 131)(Peak Width Estimate: 131)	Same Strand (+ for Watson strand, - for Crick)	Opposite Strand
-2000	119812.0	118890.0
-1999	123719.0	117845.0
-1998	118659.0	111505.0
-1997	115852.0	116576.0
-1996	117302.0	117677.0
-1995	116257.0	121134.0
-1994	122289.0	121525.0
-1993	118816.0	123911.0
-1992	116736.0	120740.0
-1991	115491.0	117566.0
-1990	116140.0	120589.0
-1989	118230.0	122780.0
-1988	116505.0	122670.0
-1987	120595.0	121507.0
-1986	119668.0	117642.0
-1985	116013.0	124880.0
-1984	123055.0	132446.0
-1983	124742.0	121163.0
-1982	125002.0	122785.0
-1981	119693.0	119226.0
-1980	119523.0	118142.0
-1979	113390.0	115981.0
-1978	115790.0	124002.0
-1977	122492.0	131089.0
-1976	124850.0	129314.0
-1975	130001.0	127727.0
-1974	124024.0	121762.0
-1973	120506.0	120179.0
-1972	117455.0	116861.0
-1971	119253.0	119305.0
-1970	120308.0	123469.0
-1969	121387.0	122072.0
-1968	121148.0	121476.0
-1967	121732.0	124633.0
-1966	124934.0	122749.0
-1965	122921.0	121478.0
-1964	121753.0	120845.0
-1963	121145.0	114895.0
-1962	113940.0	113370.0
-1961	114510.0	118709.0
-1960	114951.0	125303.0
-1959	115377.0	119412.0
-1958	116948.0	122322.0
-1957	118986.0	126294.0
-1956	119705.0	130611.0
-1955	127223.0	126772.0
-1954	128526.0	124976.0
-1953	124116.0	121298.0
-1952	122717.0	121919.0
-1951	121572.0	118709.0
-1950	124836.0	117323.0
-1949	122368.0	120032.0
-1948	117582.0	115379.0
-1947	115793.0	118728.0
-1946	122339.0	124267.0
-1945	123614.0	118618.0
-1944	118149.0	116636.0
-1943	116328.0	112352.0
-1942	111669.0	113894.0
-1941	117253.0	121541.0
-1940	118557.0	117164.0
-1939	120090.0	117030.0
-1938	119409.0	118576.0
-1937	120020.0	122992.0
-1936	122580.0	118884.0
-1935	115326.0	112284.0
-1934	115104.0	118112.0
-1933	117806.0	112811.0
-1932	114079.0	117348.0
-1931	116884.0	115347.0
-1930	113506.0	118654.0
-1929	114771.0	121518.0
-1928	116274.0	120858.0
-1927	123813.0	122077.0
-1926	118094.0	117045.0
-1925	118323.0	115091.0
-1924	113910.0	115659.0
-1923	108336.0	116556.0
-1922	116644.0	129322.0
-1921	118653.0	126827.0
-1920	123469.0	122897.0
-1919	123216.0	118050.0
-1918	117608.0	116880.0
-1917	117012.0	123173.0
-1916	121685.0	122070.0
-1915	121270.0	122884.0
-1914	125371.0	127362.0
-1913	122536.0	116982.0
-1912	118177.0	120568.0
-1911	119276.0	120531.0
-1910	123375.0	117151.0
-1909	119386.0	121592.0
-1908	118910.0	120474.0
-1907	119047.0	123088.0
-1906	118513.0	122613.0
-1905	117581.0	117461.0
-1904	115801.0	119296.0
-1903	120298.0	120021.0
-1902	118729.0	120777.0
-1901	123662.0	119971.0
-1900	123377.0	119593.0
-1899	120326.0	119160.0
-1898	120494.0	119438.0
-1897	119671.0	119322.0
-1896	119612.0	114694.0
-1895	118395.0	111588.0
-1894	111953.0	118992.0
-1893	113738.0	119334.0
-1892	115654.0	114622.0
-1891	112043.0	114318.0
-1890	114436.0	118915.0
-1889	117143.0	120477.0
-1888	115806.0	120267.0
-1887	122131.0	126106.0
-1886	121449.0	123003.0
-1885	121453.0	123310.0
-1884	124110.0	121455.0
-1883	121294.0	114843.0
-1882	116663.0	117267.0
-1881	116139.0	119265.0
-1880	118679.0	121982.0
-1879	118659.0	128489.0
-1878	125542.0	123103.0
-1877	121183.0	117288.0
-1876	119165.0	117842.0
-1875	118172.0	116168.0
-1874	115450.0	112697.0
-1873	115394.0	110587.0
-1872	111754.0	118594.0
-1871	115501.0	122660.0
-1870	120671.0	122656.0
-1869	119307.0	124028.0
-1868	122915.0	119449.0
-1867	118418.0	116881.0
-1866	113646.0	112794.0
-1865	112199.0	117357.0
-1864	112463.0	116548.0
-1863	117411.0	120924.0
-1862	117360.0	122410.0
-1861	116026.0	117648.0
-1860	116630.0	118768.0
-1859	114712.0	114707.0
-1858	117635.0	121041.0
-1857	118505.0	121126.0
-1856	120945.0	122041.0
-1855	121012.0	125676.0
-1854	123855.0	124084.0
-1853	121353.0	127177.0
-1852	121818.0	122377.0
-1851	124315.0	121350.0
-1850	123031.0	120480.0
-1849	118131.0	123269.0
-1848	120057.0	120510.0
-1847	119839.0	122031.0
-1846	122961.0	126440.0
-1845	124818.0	125120.0
-1844	126955.0	122849.0
-1843	126749.0	129063.0
-1842	128127.0	125667.0
-1841	127603.0	121186.0
-1840	124169.0	119770.0
-1839	119677.0	121067.0
-1838	122127.0	116308.0
-1837	117597.0	118044.0
-1836	115886.0	120400.0
-1835	122664.0	123942.0
-1834	121931.0	115383.0
-1833	119962.0	115662.0
-1832	115898.0	116697.0
-1831	117704.0	114674.0
-1830	116643.0	113376.0
-1829	111653.0	114083.0
-1828	115327.0	116933.0
-1827	117281.0	117329.0
-1826	117418.0	120686.0
-1825	118007.0	123152.0
-1824	126852.0	122004.0
-1823	128195.0	115285.0
-1822	117322.0	115309.0
-1821	110886.0	114270.0
-1820	115077.0	114419.0
-1819	117169.0	118274.0
-1818	122241.0	122296.0
-1817	120585.0	117684.0
-1816	116263.0	111993.0
-1815	113407.0	107740.0
-1814	108460.0	111782.0
-1813	110852.0	115455.0
-1812	114420.0	114695.0
-1811	113842.0	113855.0
-1810	117192.0	119108.0
-1809	112580.0	119387.0
-1808	116227.0	120496.0
-1807	115561.0	113304.0
-1806	109518.0	112821.0
-1805	112850.0	115573.0
-1804	112077.0	115726.0
-1803	113852.0	118701.0
-1802	119195.0	120711.0
-1801	120116.0	117386.0
-1800	118063.0	117043.0
-1799	113876.0	119838.0
-1798	114432.0	120463.0
-1797	112929.0	114876.0
-1796	114795.0	116145.0
-1795	114348.0	116957.0
-1794	110347.0	114062.0
-1793	114083.0	118727.0
-1792	110730.0	118548.0
-1791	113044.0	118617.0
-1790	112221.0	120195.0
-1789	112757.0	123865.0
-1788	119367.0	125638.0
-1787	123640.0	124286.0
-1786	119459.0	119360.0
-1785	116251.0	118844.0
-1784	113540.0	117541.0
-1783	118004.0	121178.0
-1782	118037.0	123582.0
-1781	118656.0	125861.0
-1780	122509.0	122901.0
-1779	122046.0	116760.0
-1778	116159.0	118479.0
-1777	118438.0	123817.0
-1776	116838.0	116833.0
-1775	115874.0	119682.0
-1774	115229.0	119167.0
-1773	120192.0	124290.0
-1772	122906.0	123882.0
-1771	121046.0	120877.0
-1770	119894.0	120580.0
-1769	115196.0	123827.0
-1768	120846.0	122581.0
-1767	118520.0	117393.0
-1766	118078.0	120748.0
-1765	119432.0	117715.0
-1764	120423.0	116245.0
-1763	118204.0	118073.0
-1762	116273.0	118839.0
-1761	114444.0	118068.0
-1760	120344.0	117881.0
-1759	115955.0	122699.0
-1758	118563.0	121568.0
-1757	118076.0	116267.0
-1756	116075.0	110842.0
-1755	115299.0	112074.0
-1754	110592.0	115394.0
-1753	114060.0	121540.0
-1752	118591.0	120185.0
-1751	116618.0	121705.0
-1750	121234.0	122693.0
-1749	121841.0	120227.0
-1748	123963.0	119355.0
-1747	122207.0	113424.0
-1746	112404.0	109660.0
-1745	111246.0	117266.0
-1744	115101.0	118343.0
-1743	119567.0	116676.0
-1742	118059.0	117578.0
-1741	116375.0	121245.0
-1740	117074.0	118344.0
-1739	113389.0	114423.0
-1738	114012.0	114656.0
-1737	115599.0	121074.0
-1736	117828.0	118404.0
-1735	119399.0	119298.0
-1734	117337.0	124806.0
-1733	124026.0	124516.0
-1732	121245.0	120042.0
-1731	121249.0	121809.0
-1730	119892.0	121512.0
-1729	117152.0	117895.0
-1728	116049.0	115287.0
-1727	114204.0	119773.0
-1726	116041.0	125898.0
-1725	124769.0	120470.0
-1724	121794.0	114565.0
-1723	118936.0	119869.0
-1722	115181.0	120202.0
-1721	115722.0	115202.0
-1720	114195.0	118288.0
-1719	115827.0	120944.0
-1718	121235.0	128217.0
-1717	126972.0	123930.0
-1716	122420.0	120764.0
-1715	120918.0	123643.0
-1714	123196.0	121739.0
-1713	124313.0	120065.0
-1712	122607.0	118716.0
-1711	123788.0	119065.0
-1710	122465.0	121176.0
-1709	120816.0	118573.0
-1708	121250.0	120454.0
-1707	121841.0	118341.0
-1706	122939.0	121162.0
-1705	123930.0	119780.0
-1704	120310.0	119615.0
-1703	122782.0	113850.0
-1702	116765.0	111161.0
-1701	113357.0	117078.0
-1700	118118.0	117280.0
-1699	117797.0	117511.0
-1698	119756.0	114685.0
-1697	111606.0	110249.0
-1696	112063.0	112201.0
-1695	112363.0	112489.0
-1694	113622.0	112948.0
-1693	117438.0	112200.0
-1692	112407.0	115663.0
-1691	114244.0	120619.0
-1690	118617.0	116893.0
-1689	114177.0	114240.0
-1688	114346.0	112933.0
-1687	116064.0	119451.0
-1686	113842.0	116942.0
-1685	115829.0	115176.0
-1684	115493.0	112073.0
-1683	112308.0	116306.0
-1682	109089.0	119470.0
-1681	118952.0	121016.0
-1680	126412.0	118539.0
-1679	118753.0	111009.0
-1678	112034.0	111464.0
-1677	109167.0	114657.0
-1676	112830.0	113569.0
-1675	115446.0	111124.0
-1674	112361.0	113526.0
-1673	111697.0	117169.0
-1672	114398.0	116189.0
-1671	111427.0	115099.0
-1670	114389.0	115039.0
-1669	110837.0	114525.0
-1668	113388.0	115750.0
-1667	112058.0	113872.0
-1666	111013.0	114029.0
-1665	111782.0	120087.0
-1664	118457.0	122588.0
-1663	123573.0	124387.0
-1662	123696.0	121944.0
-1661	119517.0	120193.0
-1660	117741.0	121699.0
-1659	114009.0	116563.0
-1658	115535.0	120744.0
-1657	119765.0	118673.0
-1656	120771.0	118236.0
-1655	116441.0	114436.0
-1654	111232.0	118054.0
-1653	118179.0	125099.0
-1652	120698.0	119017.0
-1651	117483.0	118312.0
-1650	115661.0	122240.0
-1649	117229.0	121983.0
-1648	122584.0	119604.0
-1647	116263.0	115235.0
-1646	113918.0	118800.0
-1645	117142.0	117341.0
-1644	118227.0	114184.0
-1643	118923.0	113402.0
-1642	112083.0	115180.0
-1641	116108.0	120690.0
-1640	117451.0	113410.0
-1639	117960.0	117420.0
-1638	115677.0	117390.0
-1637	117907.0	116056.0
-1636	114089.0	117231.0
-1635	116420.0	117926.0
-1634	115767.0	118417.0
-1633	115566.0	120080.0
-1632	117880.0	119158.0
-1631	115416.0	118942.0
-1630	118078.0	118443.0
-1629	117702.0	114736.0
-1628	116063.0	114736.0
-1627	112334.0	115577.0
-1626	113172.0	114460.0
-1625	114586.0	112135.0
-1624	112394.0	110292.0
-1623	109170.0	116788.0
-1622	110069.0	115773.0
-1621	112854.0	115401.0
-1620	111714.0	122779.0
-1619	114204.0	122598.0
-1618	116934.0	122787.0
-1617	120063.0	117747.0
-1616	119855.0	121975.0
-1615	120328.0	119769.0
-1614	117643.0	118521.0
-1613	118599.0	118046.0
-1612	116549.0	118118.0
-1611	119523.0	123923.0
-1610	123896.0	120226.0
-1609	120068.0	116854.0
-1608	118371.0	113968.0
-1607	114305.0	114663.0
-1606	113469.0	117895.0
-1605	116100.0	119683.0
-1604	114121.0	118575.0
-1603	120678.0	123691.0
-1602	121707.0	118951.0
-1601	118861.0	117755.0
-1600	121262.0	122963.0
-1599	118274.0	122865.0
-1598	121986.0	120783.0
-1597	122320.0	119041.0
-1596	118857.0	122428.0
-1595	121996.0	122765.0
-1594	123769.0	119663.0
-1593	124659.0	119994.0
-1592	117839.0	122197.0
-1591	119549.0	121727.0
-1590	119484.0	116031.0
-1589	118073.0	115823.0
-1588	119319.0	116741.0
-1587	116938.0	116719.0
-1586	118862.0	115942.0
-1585	125328.0	116126.0
-1584	119554.0	115394.0
-1583	120516.0	115152.0
-1582	118772.0	116853.0
-1581	119187.0	115331.0
-1580	117894.0	114292.0
-1579	116726.0	120001.0
-1578	122680.0	118824.0
-1577	122522.0	111878.0
-1576	116749.0	114486.0
-1575	112185.0	114198.0
-1574	115010.0	113972.0
-1573	115286.0	117259.0
-1572	118838.0	117789.0
-1571	120640.0	116133.0
-1570	118784.0	115448.0
-1569	118513.0	120926.0
-1568	120248.0	122782.0
-1567	122220.0	122606.0
-1566	124427.0	120090.0
-1565	123289.0	120502.0
-1564	125799.0	115872.0
-1563	116164.0	112063.0
-1562	112599.0	114022.0
-1561	112286.0	114141.0
-1560	115198.0	116402.0
-1559	120923.0	112428.0
-1558	118506.0	106020.0
-1557	113857.0	110878.0
-1556	110989.0	111013.0
-1555	115615.0	116739.0
-1554	120356.0	118639.0
-1553	119151.0	111859.0
-1552	114557.0	113506.0
-1551	114969.0	121349.0
-1550	121854.0	115813.0
-1549	122161.0	114729.0
-1548	116345.0	111720.0
-1547	112807.0	111209.0
-1546	113378.0	115164.0
-1545	117475.0	113995.0
-1544	112912.0	115154.0
-1543	115607.0	119293.0
-1542	120937.0	120319.0
-1541	119323.0	116780.0
-1540	118430.0	117984.0
-1539	119379.0	122172.0
-1538	118619.0	117666.0
-1537	115592.0	117814.0
-1536	118414.0	117923.0
-1535	119979.0	118270.0
-1534	118924.0	115458.0
-1533	116462.0	117594.0
-1532	119512.0	120027.0
-1531	118882.0	117223.0
-1530	115742.0	114455.0
-1529	114804.0	122379.0
-1528	120651.0	120053.0
-1527	123694.0	115771.0
-1526	120864.0	110383.0
-1525	113691.0	113942.0
-1524	117137.0	119005.0
-1523	119311.0	118541.0
-1522	115069.0	112459.0
-1521	115774.0	118951.0
-1520	120932.0	120861.0
-1519	119614.0	119046.0
-1518	124635.0	117818.0
-1517	123085.0	111198.0
-1516	116369.0	112817.0
-1515	116208.0	115447.0
-1514	115497.0	114138.0
-1513	117914.0	114981.0
-1512	115828.0	118125.0
-1511	117557.0	117964.0
-1510	117660.0	118169.0
-1509	119018.0	112580.0
-1508	114923.0	115340.0
-1507	113637.0	113826.0
-1506	114839.0	109478.0
-1505	113977.0	113958.0
-1504	111739.0	112277.0
-1503	109685.0	113950.0
-1502	112414.0	116649.0
-1501	117665.0	124415.0
-1500	117363.0	122738.0
-1499	120791.0	118006.0
-1498	117876.0	115872.0
-1497	118752.0	113934.0
-1496	112624.0	115764.0
-1495	115401.0	115992.0
-1494	115394.0	118233.0
-1493	113720.0	120770.0
-1492	113210.0	120156.0
-1491	117138.0	115335.0
-1490	115175.0	112931.0
-1489	114799.0	116344.0
-1488	113898.0	116845.0
-1487	114905.0	110226.0
-1486	113053.0	114640.0
-1485	111958.0	118233.0
-1484	111978.0	123688.0
-1483	117901.0	119086.0
-1482	116673.0	120512.0
-1481	117814.0	122355.0
-1480	117712.0	118005.0
-1479	116619.0	115570.0
-1478	113499.0	114639.0
-1477	114278.0	118114.0
-1476	114003.0	120979.0
-1475	117088.0	118888.0
-1474	117521.0	124599.0
-1473	125720.0	122260.0
-1472	118393.0	118913.0
-1471	116680.0	120166.0
-1470	116925.0	120839.0
-1469	119628.0	123620.0
-1468	124076.0	124086.0
-1467	124104.0	118298.0
-1466	120186.0	120527.0
-1465	118147.0	122980.0
-1464	122484.0	117088.0
-1463	118188.0	116652.0
-1462	119863.0	122281.0
-1461	120804.0	119331.0
-1460	117863.0	115824.0
-1459	117132.0	119683.0
-1458	122553.0	122735.0
-1457	118530.0	120694.0
-1456	116728.0	121945.0
-1455	126574.0	124860.0
-1454	123661.0	119942.0
-1453	118968.0	119188.0
-1452	115932.0	119071.0
-1451	118155.0	117698.0
-1450	120575.0	121291.0
-1449	121569.0	117894.0
-1448	120519.0	115014.0
-1447	119380.0	118772.0
-1446	124769.0	118458.0
-1445	121460.0	118240.0
-1444	123183.0	120281.0
-1443	123157.0	118579.0
-1442	116837.0	110906.0
-1441	117102.0	120252.0
-1440	120787.0	120193.0
-1439	121725.0	114336.0
-1438	117856.0	115312.0
-1437	119734.0	113235.0
-1436	119782.0	116430.0
-1435	119945.0	115802.0
-1434	119080.0	115992.0
-1433	120743.0	121150.0
-1432	118413.0	119463.0
-1431	122518.0	123100.0
-1430	124182.0	117870.0
-1429	122421.0	114096.0
-1428	118524.0	115171.0
-1427	116067.0	114673.0
-1426	114995.0	117339.0
-1425	118661.0	114438.0
-1424	116060.0	120639.0
-1423	120289.0	119901.0
-1422	121492.0	116362.0
-1421	121497.0	116296.0
-1420	120686.0	113656.0
-1419	120508.0	114601.0
-1418	119253.0	110395.0
-1417	113006.0	115962.0
-1416	118645.0	119264.0
-1415	123152.0	116769.0
-1414	119173.0	115957.0
-1413	117849.0	114695.0
-1412	116803.0	120866.0
-1411	122329.0	116468.0
-1410	120369.0	115139.0
-1409	118061.0	115813.0
-1408	118823.0	115399.0
-1407	120154.0	109468.0
-1406	114704.0	112160.0
-1405	112842.0	117823.0
-1404	121242.0	119515.0
-1403	122242.0	117837.0
-1402	118596.0	117914.0
-1401	119584.0	117897.0
-1400	118900.0	116051.0
-1399	121687.0	118718.0
-1398	122591.0	116518.0
-1397	120458.0	116237.0
-1396	117603.0	113874.0
-1395	114283.0	112802.0
-1394	117723.0	117258.0
-1393	122461.0	122540.0
-1392	126244.0	119547.0
-1391	121092.0	113786.0
-1390	118709.0	120575.0
-1389	124387.0	118528.0
-1388	123303.0	117488.0
-1387	125001.0	118121.0
-1386	123167.0	116905.0
-1385	122461.0	118564.0
-1384	120364.0	115857.0
-1383	117228.0	114605.0
-1382	119799.0	116000.0
-1381	125234.0	116445.0
-1380	125543.0	114676.0
-1379	117504.0	109235.0
-1378	114366.0	113318.0
-1377	116893.0	114823.0
-1376	117259.0	114140.0
-1375	120355.0	121695.0
-1374	127379.0	121279.0
-1373	121398.0	118992.0
-1372	117830.0	114581.0
-1371	115617.0	114330.0
-1370	120942.0	117974.0
-1369	124185.0	114945.0
-1368	118847.0	110308.0
-1367	114075.0	109558.0
-1366	111495.0	115466.0
-1365	114497.0	114567.0
-1364	119034.0	114040.0
-1363	118647.0	115914.0
-1362	120807.0	117412.0
-1361	118879.0	114940.0
-1360	119255.0	114976.0
-1359	116645.0	114675.0
-1358	118062.0	116591.0
-1357	118791.0	121078.0
-1356	124363.0	117525.0
-1355	118864.0	114968.0
-1354	119007.0	118643.0
-1353	117828.0	118296.0
-1352	118643.0	118363.0
-1351	122935.0	115909.0
-1350	119867.0	117038.0
-1349	119550.0	112755.0
-1348	115511.0	114766.0
-1347	114287.0	119497.0
-1346	120071.0	120935.0
-1345	119952.0	119876.0
-1344	116314.0	117438.0
-1343	114868.0	121363.0
-1342	124248.0	127832.0
-1341	126481.0	121538.0
-1340	118250.0	117994.0
-1339	117928.0	118826.0
-1338	123868.0	122739.0
-1337	120840.0	118780.0
-1336	122091.0	121124.0
-1335	123214.0	120338.0
-1334	119004.0	123506.0
-1333	119832.0	120777.0
-1332	120446.0	119114.0
-1331	123121.0	118810.0
-1330	123610.0	120205.0
-1329	122132.0	115665.0
-1328	120125.0	121225.0
-1327	123537.0	117228.0
-1326	121440.0	116791.0
-1325	117011.0	119113.0
-1324	121555.0	121514.0
-1323	120071.0	120131.0
-1322	120366.0	119653.0
-1321	119259.0	115491.0
-1320	122937.0	118304.0
-1319	122623.0	119264.0
-1318	122142.0	119689.0
-1317	118906.0	123237.0
-1316	122022.0	121740.0
-1315	122986.0	122882.0
-1314	124747.0	123120.0
-1313	125581.0	123081.0
-1312	125282.0	121213.0
-1311	125179.0	118016.0
-1310	123131.0	114506.0
-1309	118050.0	116136.0
-1308	121781.0	119844.0
-1307	125879.0	131516.0
-1306	128194.0	123770.0
-1305	128134.0	117180.0
-1304	118940.0	116269.0
-1303	124606.0	119226.0
-1302	120110.0	119535.0
-1301	126033.0	119712.0
-1300	126622.0	116658.0
-1299	122932.0	115642.0
-1298	123550.0	113785.0
-1297	117607.0	118153.0
-1296	119850.0	119555.0
-1295	121646.0	120741.0
-1294	118687.0	118821.0
-1293	120624.0	125063.0
-1292	122200.0	125675.0
-1291	133702.0	121946.0
-1290	125273.0	116241.0
-1289	125500.0	119444.0
-1288	118714.0	117898.0
-1287	118257.0	117980.0
-1286	119195.0	121289.0
-1285	126089.0	122116.0
-1284	124571.0	118222.0
-1283	121609.0	124534.0
-1282	125343.0	117234.0
-1281	125402.0	113089.0
-1280	116139.0	115729.0
-1279	120055.0	119879.0
-1278	117594.0	121903.0
-1277	124534.0	125673.0
-1276	127600.0	122256.0
-1275	122594.0	122818.0
-1274	124639.0	125187.0
-1273	125839.0	122661.0
-1272	123085.0	119218.0
-1271	127846.0	128400.0
-1270	126585.0	123851.0
-1269	129933.0	119403.0
-1268	124848.0	121460.0
-1267	127782.0	129771.0
-1266	130749.0	128667.0
-1265	129945.0	126876.0
-1264	134717.0	126637.0
-1263	127385.0	121207.0
-1262	127954.0	125211.0
-1261	133506.0	123571.0
-1260	126611.0	119976.0
-1259	130240.0	121911.0
-1258	132129.0	119555.0
-1257	125261.0	119678.0
-1256	124886.0	124169.0
-1255	128464.0	121566.0
-1254	134119.0	119954.0
-1253	120578.0	111612.0
-1252	121387.0	122077.0
-1251	126048.0	120986.0
-1250	127479.0	115013.0
-1249	120835.0	117943.0
-1248	124821.0	122419.0
-1247	127464.0	122980.0
-1246	125422.0	118795.0
-1245	126228.0	116933.0
-1244	123115.0	115445.0
-1243	127082.0	121194.0
-1242	129027.0	126086.0
-1241	129760.0	120500.0
-1240	135136.0	123864.0
-1239	129506.0	117881.0
-1238	126945.0	118470.0
-1237	122534.0	119111.0
-1236	125082.0	118889.0
-1235	124943.0	120902.0
-1234	122624.0	115359.0
-1233	118390.0	116313.0
-1232	121202.0	121551.0
-1231	127732.0	123220.0
-1230	125681.0	122842.0
-1229	129782.0	115151.0
-1228	126520.0	116527.0
-1227	122559.0	121944.0
-1226	125809.0	123476.0
-1225	123866.0	120291.0
-1224	121709.0	116835.0
-1223	120820.0	119740.0
-1222	121464.0	117312.0
-1221	120812.0	121095.0
-1220	122604.0	121183.0
-1219	124474.0	116264.0
-1218	119901.0	118547.0
-1217	118108.0	122378.0
-1216	123520.0	117534.0
-1215	124644.0	122409.0
-1214	130222.0	118238.0
-1213	123523.0	120170.0
-1212	123148.0	117889.0
-1211	121954.0	114971.0
-1210	121402.0	115012.0
-1209	114792.0	114042.0
-1208	116504.0	115636.0
-1207	117449.0	119993.0
-1206	116258.0	121235.0
-1205	117868.0	127600.0
-1204	124349.0	128692.0
-1203	128038.0	125449.0
-1202	124372.0	118760.0
-1201	123539.0	118580.0
-1200	118988.0	120299.0
-1199	119111.0	122294.0
-1198	125365.0	121289.0
-1197	120539.0	120508.0
-1196	119074.0	123404.0
-1195	122910.0	130153.0
-1194	126651.0	124989.0
-1193	124758.0	119784.0
-1192	123158.0	119149.0
-1191	125915.0	120801.0
-1190	124089.0	123425.0
-1189	123983.0	122527.0
-1188	119566.0	118652.0
-1187	121260.0	123878.0
-1186	122605.0	131700.0
-1185	129741.0	124256.0
-1184	123882.0	119322.0
-1183	121800.0	123165.0
-1182	122844.0	126265.0
-1181	121108.0	123442.0
-1180	124360.0	126312.0
-1179	126815.0	120651.0
-1178	124639.0	120340.0
-1177	123905.0	127025.0
-1176	126774.0	129640.0
-1175	127974.0	124797.0
-1174	128017.0	118300.0
-1173	123879.0	115108.0
-1172	118237.0	119978.0
-1171	124168.0	124403.0
-1170	125058.0	125918.0
-1169	126209.0	118827.0
-1168	123521.0	127871.0
-1167	124616.0	124493.0
-1166	124436.0	121225.0
-1165	120373.0	117888.0
-1164	120131.0	121730.0
-1163	118747.0	118295.0
-1162	119430.0	118794.0
-1161	122262.0	123144.0
-1160	124077.0	127030.0
-1159	124862.0	124370.0
-1158	122817.0	126198.0
-1157	119267.0	123157.0
-1156	122000.0	129780.0
-1155	124451.0	125647.0
-1154	123230.0	131246.0
-1153	124397.0	129264.0
-1152	130598.0	124942.0
-1151	123953.0	123367.0
-1150	122156.0	129624.0
-1149	126795.0	125695.0
-1148	123111.0	118999.0
-1147	121613.0	124880.0
-1146	125177.0	126795.0
-1145	123840.0	126833.0
-1144	124479.0	128491.0
-1143	124233.0	130011.0
-1142	129946.0	124831.0
-1141	129184.0	123483.0
-1140	124813.0	127967.0
-1139	126460.0	125075.0
-1138	123948.0	120077.0
-1137	123001.0	119877.0
-1136	117266.0	119231.0
-1135	116723.0	121789.0
-1134	122207.0	123713.0
-1133	126832.0	129527.0
-1132	129821.0	130745.0
-1131	133874.0	129624.0
-1130	129867.0	121210.0
-1129	125719.0	127415.0
-1128	126955.0	125976.0
-1127	126108.0	126842.0
-1126	127425.0	123902.0
-1125	126597.0	129963.0
-1124	128218.0	126413.0
-1123	132331.0	125406.0
-1122	131997.0	121703.0
-1121	129071.0	122848.0
-1120	119952.0	121971.0
-1119	125844.0	123985.0
-1118	120639.0	125119.0
-1117	121079.0	125982.0
-1116	130084.0	126978.0
-1115	125503.0	125650.0
-1114	126510.0	123337.0
-1113	121756.0	124229.0
-1112	122553.0	122921.0
-1111	124332.0	123974.0
-1110	131223.0	124959.0
-1109	121029.0	118974.0
-1108	119060.0	125070.0
-1107	125580.0	125097.0
-1106	127740.0	123226.0
-1105	126780.0	128898.0
-1104	130482.0	131740.0
-1103	135347.0	124711.0
-1102	127034.0	119513.0
-1101	126308.0	124591.0
-1100	127189.0	129828.0
-1099	129031.0	128216.0
-1098	126577.0	127258.0
-1097	127076.0	123505.0
-1096	126755.0	119869.0
-1095	127293.0	123636.0
-1094	131007.0	128063.0
-1093	130379.0	130013.0
-1092	134800.0	122997.0
-1091	127345.0	118860.0
-1090	121445.0	123362.0
-1089	125301.0	124064.0
-1088	128727.0	123613.0
-1087	123721.0	119122.0
-1086	124357.0	119782.0
-1085	119938.0	120642.0
-1084	122268.0	121825.0
-1083	126295.0	120680.0
-1082	126480.0	122239.0
-1081	125977.0	120597.0
-1080	118943.0	121099.0
-1079	122235.0	116455.0
-1078	120300.0	121115.0
-1077	125090.0	123774.0
-1076	123548.0	124045.0
-1075	123017.0	120434.0
-1074	120224.0	117148.0
-1073	120810.0	129400.0
-1072	126398.0	124177.0
-1071	123839.0	118901.0
-1070	118686.0	115602.0
-1069	116497.0	121762.0
-1068	120925.0	131150.0
-1067	126828.0	125390.0
-1066	128601.0	128293.0
-1065	127692.0	127900.0
-1064	126858.0	126878.0
-1063	126477.0	124121.0
-1062	125185.0	126935.0
-1061	133576.0	128147.0
-1060	133800.0	116339.0
-1059	116678.0	113123.0
-1058	111674.0	121321.0
-1057	120423.0	124108.0
-1056	120679.0	123321.0
-1055	123213.0	123206.0
-1054	123600.0	122266.0
-1053	124933.0	124566.0
-1052	121089.0	121620.0
-1051	119839.0	127803.0
-1050	125059.0	126765.0
-1049	122655.0	128089.0
-1048	122370.0	133722.0
-1047	125134.0	128190.0
-1046	125717.0	128266.0
-1045	128146.0	127433.0
-1044	131456.0	128685.0
-1043	124834.0	126715.0
-1042	129896.0	132927.0
-1041	125031.0	129534.0
-1040	123991.0	126413.0
-1039	124740.0	128652.0
-1038	130643.0	139860.0
-1037	136946.0	130563.0
-1036	130650.0	126470.0
-1035	124038.0	128957.0
-1034	128694.0	130022.0
-1033	134401.0	129427.0
-1032	130614.0	128606.0
-1031	131847.0	120089.0
-1030	125221.0	120068.0
-1029	119108.0	122922.0
-1028	124652.0	125342.0
-1027	125254.0	127620.0
-1026	127603.0	125966.0
-1025	130844.0	123443.0
-1024	126329.0	120366.0
-1023	126278.0	127427.0
-1022	126274.0	120839.0
-1021	124168.0	116670.0
-1020	119712.0	121131.0
-1019	119607.0	126908.0
-1018	127157.0	125641.0
-1017	124324.0	122602.0
-1016	126871.0	127119.0
-1015	122752.0	125248.0
-1014	122898.0	126239.0
-1013	124045.0	123045.0
-1012	127517.0	131513.0
-1011	129196.0	124949.0
-1010	125502.0	122849.0
-1009	122315.0	119132.0
-1008	126132.0	128006.0
-1007	125698.0	123843.0
-1006	125455.0	116963.0
-1005	117518.0	121600.0
-1004	122433.0	125662.0
-1003	126634.0	117968.0
-1002	122196.0	121727.0
-1001	122159.0	121991.0
-1000	123092.0	119736.0
-999	115817.0	117208.0
-998	118247.0	118815.0
-997	117263.0	121289.0
-996	120175.0	126261.0
-995	126544.0	124314.0
-994	126362.0	119277.0
-993	122549.0	122381.0
-992	119527.0	127795.0
-991	125677.0	129891.0
-990	124257.0	127990.0
-989	126014.0	127163.0
-988	128163.0	126679.0
-987	125999.0	127569.0
-986	125898.0	123909.0
-985	128908.0	128336.0
-984	131168.0	120624.0
-983	126436.0	125153.0
-982	123562.0	126230.0
-981	125387.0	128597.0
-980	121649.0	128588.0
-979	125990.0	126167.0
-978	121548.0	118016.0
-977	118834.0	122816.0
-976	119305.0	123174.0
-975	124743.0	131169.0
-974	128159.0	133831.0
-973	130179.0	136395.0
-972	131164.0	127088.0
-971	129011.0	123147.0
-970	124957.0	120950.0
-969	122739.0	123752.0
-968	125309.0	128550.0
-967	128033.0	131893.0
-966	132931.0	132003.0
-965	130832.0	133370.0
-964	130247.0	127983.0
-963	130296.0	125820.0
-962	129060.0	129244.0
-961	125987.0	127518.0
-960	128974.0	124938.0
-959	124309.0	124790.0
-958	126814.0	129346.0
-957	131677.0	130941.0
-956	131951.0	130830.0
-955	135077.0	130183.0
-954	133565.0	126231.0
-953	134344.0	124532.0
-952	128586.0	119260.0
-951	125731.0	122538.0
-950	122494.0	120004.0
-949	120317.0	119586.0
-948	121860.0	120409.0
-947	121697.0	124014.0
-946	126195.0	126855.0
-945	124054.0	120781.0
-944	123385.0	122238.0
-943	122010.0	119842.0
-942	121743.0	119267.0
-941	119106.0	117162.0
-940	119955.0	116063.0
-939	119356.0	118537.0
-938	123360.0	120331.0
-937	118512.0	117343.0
-936	116470.0	123872.0
-935	118776.0	123095.0
-934	122048.0	121897.0
-933	117180.0	117485.0
-932	117271.0	124892.0
-931	121449.0	124830.0
-930	122090.0	124678.0
-929	121910.0	128191.0
-928	121871.0	128584.0
-927	123028.0	126441.0
-926	120502.0	125580.0
-925	124263.0	119418.0
-924	117932.0	118452.0
-923	117845.0	121312.0
-922	113773.0	119861.0
-921	117921.0	124968.0
-920	117306.0	127713.0
-919	116580.0	128030.0
-918	120636.0	127807.0
-917	116387.0	126835.0
-916	119487.0	128528.0
-915	119990.0	125676.0
-914	118194.0	127044.0
-913	120204.0	125262.0
-912	123391.0	128965.0
-911	121508.0	125595.0
-910	120728.0	126370.0
-909	118790.0	125119.0
-908	118888.0	121711.0
-907	116981.0	125415.0
-906	121101.0	125827.0
-905	119444.0	129770.0
-904	117929.0	134991.0
-903	127980.0	132659.0
-902	130494.0	133542.0
-901	125848.0	131030.0
-900	125699.0	126862.0
-899	121307.0	124679.0
-898	122911.0	129480.0
-897	121524.0	129335.0
-896	123632.0	129444.0
-895	124286.0	125249.0
-894	123681.0	131362.0
-893	124669.0	123352.0
-892	120419.0	125156.0
-891	121822.0	129072.0
-890	119834.0	127840.0
-889	120992.0	127679.0
-888	124827.0	127323.0
-887	124924.0	126203.0
-886	127247.0	128612.0
-885	123220.0	125043.0
-884	119815.0	128612.0
-883	126561.0	127302.0
-882	121705.0	121426.0
-881	117293.0	125029.0
-880	117558.0	118103.0
-879	115770.0	120954.0
-878	114708.0	125421.0
-877	117318.0	124943.0
-876	120885.0	127497.0
-875	120519.0	132488.0
-874	127541.0	132757.0
-873	127933.0	127511.0
-872	126229.0	123605.0
-871	127416.0	121915.0
-870	120132.0	119804.0
-869	117486.0	118741.0
-868	121189.0	120237.0
-867	120155.0	123302.0
-866	121878.0	120834.0
-865	119082.0	117588.0
-864	116312.0	114877.0
-863	113142.0	120319.0
-862	114792.0	129313.0
-861	119508.0	123590.0
-860	121759.0	127521.0
-859	125425.0	128823.0
-858	128312.0	122774.0
-857	117787.0	115742.0
-856	116032.0	126073.0
-855	121593.0	126620.0
-854	120228.0	121790.0
-853	118703.0	117216.0
-852	117685.0	123458.0
-851	119383.0	125314.0
-850	121773.0	127636.0
-849	119159.0	129190.0
-848	121897.0	128037.0
-847	125980.0	126551.0
-846	123645.0	124921.0
-845	118867.0	127701.0
-844	126346.0	129879.0
-843	127275.0	129780.0
-842	126918.0	123366.0
-841	125558.0	123632.0
-840	124181.0	129255.0
-839	121244.0	127243.0
-838	128679.0	124585.0
-837	123335.0	121865.0
-836	126454.0	128793.0
-835	128717.0	127401.0
-834	129493.0	122518.0
-833	123682.0	122945.0
-832	123056.0	124229.0
-831	124440.0	119308.0
-830	122016.0	117661.0
-829	119662.0	122585.0
-828	126982.0	125041.0
-827	123266.0	120411.0
-826	120071.0	118083.0
-825	119139.0	122115.0
-824	120800.0	126612.0
-823	129426.0	125178.0
-822	121306.0	123645.0
-821	126443.0	126994.0
-820	124904.0	121757.0
-819	123261.0	124736.0
-818	125277.0	124735.0
-817	123749.0	133093.0
-816	128289.0	125250.0
-815	128984.0	118521.0
-814	123965.0	122534.0
-813	119890.0	125885.0
-812	126239.0	122202.0
-811	117930.0	113510.0
-810	115099.0	121316.0
-809	117100.0	119790.0
-808	119483.0	117412.0
-807	118082.0	121459.0
-806	120798.0	126997.0
-805	126183.0	129144.0
-804	128975.0	122807.0
-803	124323.0	116187.0
-802	116926.0	116913.0
-801	114471.0	115352.0
-800	116903.0	116806.0
-799	118335.0	124035.0
-798	122368.0	121959.0
-797	121734.0	118999.0
-796	118914.0	118045.0
-795	119468.0	121047.0
-794	118411.0	116819.0
-793	118731.0	114547.0
-792	117131.0	119568.0
-791	118521.0	121035.0
-790	120442.0	123452.0
-789	121892.0	125741.0
-788	129998.0	120027.0
-787	124163.0	115614.0
-786	114987.0	119297.0
-785	118087.0	120758.0
-784	118558.0	115815.0
-783	116251.0	119079.0
-782	114692.0	118266.0
-781	120452.0	116097.0
-780	114046.0	111975.0
-779	111242.0	121305.0
-778	114461.0	125290.0
-777	119846.0	125393.0
-776	121326.0	118385.0
-775	113180.0	118509.0
-774	112239.0	117901.0
-773	114302.0	125077.0
-772	114596.0	120374.0
-771	119686.0	123169.0
-770	119239.0	120715.0
-769	118566.0	123408.0
-768	118688.0	118403.0
-767	113690.0	121319.0
-766	112110.0	120208.0
-765	111630.0	119813.0
-764	115613.0	124727.0
-763	118047.0	124906.0
-762	118001.0	122709.0
-761	116834.0	121831.0
-760	116179.0	126195.0
-759	120803.0	123125.0
-758	121192.0	120858.0
-757	115182.0	127051.0
-756	118227.0	123995.0
-755	117881.0	119976.0
-754	117395.0	130726.0
-753	120659.0	127613.0
-752	123806.0	124776.0
-751	119078.0	124579.0
-750	112535.0	116683.0
-749	115672.0	123633.0
-748	117930.0	123862.0
-747	115702.0	124512.0
-746	118449.0	127053.0
-745	120966.0	121484.0
-744	115732.0	117549.0
-743	112938.0	120828.0
-742	111668.0	122940.0
-741	116391.0	125740.0
-740	118553.0	125491.0
-739	116410.0	122280.0
-738	115171.0	123344.0
-737	116631.0	121497.0
-736	116650.0	116670.0
-735	115193.0	116198.0
-734	112860.0	119714.0
-733	112537.0	120466.0
-732	113817.0	117133.0
-731	112405.0	115913.0
-730	110653.0	119967.0
-729	108740.0	118199.0
-728	110186.0	117129.0
-727	112042.0	122616.0
-726	117370.0	123685.0
-725	117082.0	122308.0
-724	116913.0	127190.0
-723	120456.0	120629.0
-722	113858.0	119333.0
-721	114515.0	117368.0
-720	109484.0	112757.0
-719	111431.0	123619.0
-718	116194.0	126081.0
-717	119572.0	124839.0
-716	122445.0	126699.0
-715	120103.0	123707.0
-714	118625.0	123770.0
-713	117911.0	116996.0
-712	113520.0	121831.0
-711	113246.0	125803.0
-710	115306.0	122919.0
-709	120198.0	119706.0
-708	121474.0	117564.0
-707	115790.0	123721.0
-706	113941.0	125716.0
-705	117487.0	121315.0
-704	116461.0	118770.0
-703	114121.0	116824.0
-702	112847.0	120304.0
-701	117492.0	124166.0
-700	118206.0	119337.0
-699	118231.0	119580.0
-698	112797.0	117122.0
-697	117227.0	120873.0
-696	116865.0	117848.0
-695	113484.0	115909.0
-694	112663.0	116456.0
-693	110489.0	117264.0
-692	114967.0	119082.0
-691	113507.0	115786.0
-690	114616.0	118060.0
-689	110157.0	118726.0
-688	112974.0	128280.0
-687	114657.0	128567.0
-686	120426.0	122961.0
-685	120522.0	117618.0
-684	114452.0	116788.0
-683	110304.0	120532.0
-682	112544.0	121974.0
-681	113159.0	119983.0
-680	116655.0	127290.0
-679	120398.0	133265.0
-678	118809.0	126195.0
-677	120931.0	129492.0
-676	123429.0	128152.0
-675	120226.0	124981.0
-674	116145.0	126314.0
-673	123736.0	130375.0
-672	125312.0	127476.0
-671	124638.0	127262.0
-670	126479.0	123507.0
-669	124610.0	118364.0
-668	115920.0	114987.0
-667	116665.0	119744.0
-666	117752.0	122454.0
-665	121062.0	121689.0
-664	121083.0	122093.0
-663	120796.0	117232.0
-662	118493.0	114593.0
-661	118646.0	120337.0
-660	115614.0	113401.0
-659	108365.0	115153.0
-658	115238.0	122118.0
-657	116560.0	115507.0
-656	118005.0	123805.0
-655	121710.0	119902.0
-654	121621.0	119587.0
-653	119148.0	117498.0
-652	119621.0	117486.0
-651	119811.0	118113.0
-650	120686.0	116729.0
-649	118167.0	115662.0
-648	115167.0	115112.0
-647	117116.0	120923.0
-646	122244.0	122500.0
-645	117684.0	118685.0
-644	116636.0	118718.0
-643	118298.0	116035.0
-642	116029.0	115444.0
-641	112903.0	115520.0
-640	116397.0	115858.0
-639	118113.0	118612.0
-638	116478.0	117397.0
-637	120061.0	116875.0
-636	116802.0	116504.0
-635	113587.0	115924.0
-634	116604.0	115451.0
-633	116216.0	114435.0
-632	115347.0	114466.0
-631	111713.0	113545.0
-630	114307.0	114580.0
-629	114040.0	113666.0
-628	115210.0	116725.0
-627	115562.0	120363.0
-626	117651.0	119512.0
-625	120769.0	114457.0
-624	113100.0	110072.0
-623	110668.0	112630.0
-622	110367.0	112078.0
-621	109753.0	109616.0
-620	105502.0	117993.0
-619	114089.0	124427.0
-618	123344.0	119196.0
-617	120849.0	117362.0
-616	118003.0	113391.0
-615	111075.0	114263.0
-614	113924.0	117290.0
-613	114405.0	111945.0
-612	110508.0	113250.0
-611	113759.0	116813.0
-610	115949.0	114296.0
-609	115669.0	115505.0
-608	112536.0	113474.0
-607	112351.0	112404.0
-606	109418.0	113108.0
-605	109670.0	107158.0
-604	107531.0	115478.0
-603	114406.0	122150.0
-602	117730.0	117742.0
-601	115588.0	113448.0
-600	112704.0	111939.0
-599	113633.0	113977.0
-598	109801.0	112451.0
-597	109454.0	112109.0
-596	109102.0	114333.0
-595	112383.0	114481.0
-594	112819.0	112910.0
-593	111343.0	111410.0
-592	111341.0	115342.0
-591	109878.0	114650.0
-590	110262.0	116605.0
-589	112461.0	116125.0
-588	112831.0	113206.0
-587	111316.0	119348.0
-586	116383.0	118117.0
-585	115201.0	118442.0
-584	115874.0	115090.0
-583	114751.0	112120.0
-582	108813.0	113830.0
-581	111173.0	117406.0
-580	114464.0	117036.0
-579	112328.0	115862.0
-578	112990.0	109487.0
-577	107825.0	108028.0
-576	104855.0	115512.0
-575	110536.0	116600.0
-574	110873.0	116074.0
-573	114323.0	115769.0
-572	108602.0	110396.0
-571	106948.0	110555.0
-570	107315.0	109507.0
-569	107593.0	114936.0
-568	108542.0	121264.0
-567	116593.0	119857.0
-566	111844.0	111478.0
-565	109599.0	112629.0
-564	107462.0	113010.0
-563	111768.0	118122.0
-562	112833.0	112888.0
-561	106298.0	110899.0
-560	108674.0	112790.0
-559	109278.0	122330.0
-558	116541.0	120124.0
-557	116603.0	119071.0
-556	110771.0	115953.0
-555	114371.0	114743.0
-554	112290.0	115156.0
-553	109804.0	113408.0
-552	110001.0	117529.0
-551	110911.0	115556.0
-550	108369.0	112655.0
-549	108491.0	117465.0
-548	113540.0	118986.0
-547	112650.0	119693.0
-546	112265.0	118986.0
-545	112766.0	118535.0
-544	112327.0	117400.0
-543	107989.0	115029.0
-542	108281.0	112443.0
-541	107667.0	120767.0
-540	114122.0	124272.0
-539	117481.0	124061.0
-538	119086.0	118982.0
-537	115459.0	120102.0
-536	113804.0	122867.0
-535	115876.0	117945.0
-534	114535.0	111441.0
-533	111319.0	110940.0
-532	107808.0	113530.0
-531	109113.0	120338.0
-530	115573.0	119242.0
-529	117452.0	122562.0
-528	117311.0	114042.0
-527	110254.0	112151.0
-526	110598.0	115426.0
-525	110741.0	118930.0
-524	113905.0	117238.0
-523	114744.0	117835.0
-522	113945.0	117750.0
-521	112260.0	115446.0
-520	113200.0	116726.0
-519	118384.0	117760.0
-518	116604.0	116809.0
-517	114153.0	121410.0
-516	117726.0	121658.0
-515	121137.0	118870.0
-514	116417.0	113407.0
-513	115143.0	121409.0
-512	117304.0	116919.0
-511	114155.0	111359.0
-510	112879.0	113533.0
-509	114730.0	111387.0
-508	110677.0	115485.0
-507	111985.0	114508.0
-506	111505.0	113736.0
-505	108872.0	114475.0
-504	113763.0	116523.0
-503	112828.0	116891.0
-502	114905.0	117976.0
-501	120201.0	116456.0
-500	113412.0	114058.0
-499	112564.0	116081.0
-498	112258.0	113239.0
-497	113942.0	113237.0
-496	111418.0	114383.0
-495	111709.0	114847.0
-494	112459.0	118175.0
-493	114064.0	116153.0
-492	113348.0	116886.0
-491	113662.0	113566.0
-490	114466.0	117064.0
-489	116558.0	116037.0
-488	112981.0	117224.0
-487	112705.0	115120.0
-486	113919.0	116120.0
-485	114707.0	120441.0
-484	117866.0	123565.0
-483	120820.0	116709.0
-482	116428.0	112512.0
-481	109975.0	117826.0
-480	113400.0	121679.0
-479	120338.0	118181.0
-478	117239.0	117085.0
-477	119624.0	116484.0
-476	118357.0	113587.0
-475	116247.0	109936.0
-474	110388.0	111731.0
-473	112512.0	113872.0
-472	110941.0	114600.0
-471	115208.0	114422.0
-470	115209.0	113538.0
-469	117483.0	120353.0
-468	117290.0	116528.0
-467	118367.0	109493.0
-466	115318.0	113502.0
-465	114504.0	112521.0
-464	113284.0	108248.0
-463	112922.0	109648.0
-462	108924.0	110711.0
-461	110466.0	113477.0
-460	114050.0	111190.0
-459	111523.0	111027.0
-458	112400.0	111947.0
-457	111922.0	112189.0
-456	110666.0	114548.0
-455	113638.0	110263.0
-454	111368.0	113870.0
-453	113080.0	114800.0
-452	112277.0	113408.0
-451	113746.0	108611.0
-450	111614.0	115524.0
-449	113552.0	116846.0
-448	115941.0	115647.0
-447	115728.0	110517.0
-446	113580.0	113834.0
-445	111994.0	110392.0
-444	113411.0	114014.0
-443	110050.0	107420.0
-442	109390.0	111155.0
-441	112018.0	110756.0
-440	113262.0	111035.0
-439	113144.0	111949.0
-438	117060.0	112121.0
-437	111645.0	111821.0
-436	115210.0	113533.0
-435	110166.0	108791.0
-434	110954.0	110672.0
-433	113547.0	111578.0
-432	116648.0	109390.0
-431	115532.0	103163.0
-430	107968.0	107627.0
-429	107882.0	111942.0
-428	112586.0	109612.0
-427	110538.0	112478.0
-426	116016.0	115099.0
-425	111530.0	113749.0
-424	115226.0	112208.0
-423	116581.0	114387.0
-422	114984.0	110170.0
-421	115081.0	110169.0
-420	114208.0	115110.0
-419	115293.0	116776.0
-418	115738.0	112848.0
-417	112682.0	112140.0
-416	116294.0	107980.0
-415	111903.0	109001.0
-414	111815.0	111289.0
-413	113885.0	109311.0
-412	112413.0	109041.0
-411	111907.0	107180.0
-410	107983.0	106463.0
-409	106209.0	107346.0
-408	109708.0	110580.0
-407	107110.0	111801.0
-406	112541.0	113570.0
-405	111422.0	113227.0
-404	116030.0	115265.0
-403	116461.0	112593.0
-402	111218.0	110681.0
-401	114211.0	113217.0
-400	112075.0	112926.0
-399	112043.0	111397.0
-398	113426.0	108889.0
-397	111876.0	114860.0
-396	117654.0	114939.0
-395	113309.0	110755.0
-394	115525.0	107602.0
-393	112001.0	110348.0
-392	109705.0	109133.0
-391	110984.0	108131.0
-390	109492.0	110215.0
-389	111440.0	109544.0
-388	112733.0	113629.0
-387	110290.0	111841.0
-386	109633.0	110109.0
-385	112395.0	111207.0
-384	110273.0	110573.0
-383	110047.0	109733.0
-382	110058.0	111811.0
-381	111259.0	111477.0
-380	110752.0	110705.0
-379	109365.0	111027.0
-378	114412.0	113579.0
-377	112905.0	113148.0
-376	111451.0	107948.0
-375	104929.0	110760.0
-374	110096.0	116396.0
-373	113863.0	118487.0
-372	113737.0	118085.0
-371	117720.0	115219.0
-370	114494.0	119339.0
-369	118475.0	125037.0
-368	120179.0	120041.0
-367	120367.0	116233.0
-366	118210.0	112769.0
-365	113920.0	116708.0
-364	113671.0	109989.0
-363	111971.0	114135.0
-362	113722.0	113747.0
-361	118364.0	118246.0
-360	115590.0	111565.0
-359	113026.0	116272.0
-358	115987.0	114019.0
-357	113338.0	113477.0
-356	111745.0	114999.0
-355	114699.0	118070.0
-354	117368.0	114832.0
-353	117833.0	116597.0
-352	115814.0	117395.0
-351	120484.0	122768.0
-350	122955.0	123413.0
-349	124452.0	116974.0
-348	115536.0	110963.0
-347	116999.0	113332.0
-346	114947.0	115603.0
-345	116883.0	116890.0
-344	114645.0	113327.0
-343	116990.0	115118.0
-342	115901.0	117812.0
-341	114646.0	118373.0
-340	118247.0	117745.0
-339	118591.0	116361.0
-338	118129.0	116235.0
-337	113529.0	116230.0
-336	116240.0	117361.0
-335	115212.0	118161.0
-334	124908.0	122483.0
-333	119369.0	118514.0
-332	116762.0	113457.0
-331	119036.0	112324.0
-330	110869.0	110532.0
-329	109965.0	116142.0
-328	117338.0	121165.0
-327	120078.0	119638.0
-326	123057.0	119243.0
-325	117715.0	117959.0
-324	121483.0	119188.0
-323	123143.0	117748.0
-322	117007.0	115882.0
-321	119721.0	115791.0
-320	120570.0	113349.0
-319	118138.0	119742.0
-318	122122.0	115469.0
-317	119057.0	114041.0
-316	116181.0	118116.0
-315	123001.0	115775.0
-314	121173.0	114049.0
-313	117977.0	115424.0
-312	119768.0	116044.0
-311	118073.0	115959.0
-310	120643.0	114205.0
-309	121039.0	116225.0
-308	117252.0	114765.0
-307	119616.0	120481.0
-306	122848.0	118630.0
-305	120963.0	117769.0
-304	129509.0	120799.0
-303	127252.0	111965.0
-302	123636.0	112736.0
-301	121556.0	113986.0
-300	118384.0	117147.0
-299	126751.0	114383.0
-298	123070.0	112696.0
-297	120186.0	114623.0
-296	118855.0	116416.0
-295	122239.0	116384.0
-294	126394.0	117617.0
-293	127094.0	109384.0
-292	121801.0	112645.0
-291	121500.0	113706.0
-290	120432.0	117101.0
-289	119099.0	114655.0
-288	126184.0	117715.0
-287	127751.0	110863.0
-286	125455.0	113965.0
-285	126925.0	112963.0
-284	125726.0	115946.0
-283	124130.0	112537.0
-282	122450.0	115058.0
-281	123689.0	108100.0
-280	119162.0	110206.0
-279	120052.0	110946.0
-278	119620.0	113703.0
-277	120297.0	113932.0
-276	125019.0	110134.0
-275	126968.0	109335.0
-274	123030.0	108581.0
-273	118917.0	105397.0
-272	114374.0	107841.0
-271	115003.0	110616.0
-270	120704.0	112764.0
-269	125516.0	104584.0
-268	119218.0	105520.0
-267	117209.0	107881.0
-266	117331.0	110712.0
-265	118732.0	108075.0
-264	118075.0	110370.0
-263	119582.0	109241.0
-262	116731.0	108880.0
-261	114574.0	110872.0
-260	121919.0	115649.0
-259	127831.0	110762.0
-258	120845.0	108365.0
-257	119823.0	109478.0
-256	122110.0	107772.0
-255	115284.0	113024.0
-254	119126.0	115383.0
-253	118023.0	115501.0
-252	121259.0	112589.0
-251	124372.0	108614.0
-250	119046.0	108057.0
-249	117637.0	112261.0
-248	117139.0	113857.0
-247	117722.0	110028.0
-246	113908.0	111025.0
-245	113836.0	107108.0
-244	116227.0	109772.0
-243	113221.0	108751.0
-242	111557.0	111220.0
-241	117928.0	111999.0
-240	119296.0	115011.0
-239	118686.0	115063.0
-238	117827.0	117774.0
-237	122446.0	119732.0
-236	124894.0	116820.0
-235	119535.0	114879.0
-234	120341.0	117330.0
-233	122736.0	115048.0
-232	122252.0	116689.0
-231	122266.0	121445.0
-230	124363.0	120132.0
-229	126791.0	118465.0
-228	121188.0	115345.0
-227	122126.0	117805.0
-226	124907.0	117185.0
-225	124443.0	115059.0
-224	125748.0	115712.0
-223	121494.0	117713.0
-222	122435.0	116162.0
-221	124735.0	119715.0
-220	120774.0	116024.0
-219	118727.0	110855.0
-218	117656.0	116228.0
-217	121684.0	117574.0
-216	122309.0	117997.0
-215	123317.0	117600.0
-214	123151.0	116168.0
-213	122361.0	115079.0
-212	116630.0	113755.0
-211	114846.0	121182.0
-210	119247.0	121362.0
-209	121346.0	122989.0
-208	124063.0	121853.0
-207	128064.0	126402.0
-206	125708.0	121755.0
-205	122176.0	125302.0
-204	124310.0	129287.0
-203	125519.0	123301.0
-202	131123.0	126989.0
-201	126624.0	123183.0
-200	126188.0	121965.0
-199	129586.0	125198.0
-198	131776.0	124290.0
-197	130491.0	126333.0
-196	131132.0	125801.0
-195	133664.0	124766.0
-194	135174.0	124108.0
-193	127251.0	120434.0
-192	120434.0	127190.0
-191	128870.0	127938.0
-190	135044.0	124541.0
-189	133969.0	123307.0
-188	131108.0	120177.0
-187	129918.0	125028.0
-186	134737.0	130144.0
-185	134555.0	132592.0
-184	134022.0	126283.0
-183	135816.0	122452.0
-182	129119.0	123393.0
-181	123952.0	128079.0
-180	133696.0	134717.0
-179	140794.0	132551.0
-178	136803.0	127001.0
-177	134105.0	130780.0
-176	133519.0	130588.0
-175	142197.0	127876.0
-174	130686.0	122564.0
-173	128888.0	125971.0
-172	142455.0	129004.0
-171	134902.0	125136.0
-170	136724.0	127345.0
-169	132556.0	129891.0
-168	137385.0	132200.0
-167	149476.0	135593.0
-166	145007.0	130466.0
-165	139294.0	130552.0
-164	143305.0	129234.0
-163	139323.0	124418.0
-162	139265.0	126128.0
-161	138281.0	130588.0
-160	140512.0	126881.0
-159	140334.0	125504.0
-158	137081.0	123769.0
-157	138479.0	122055.0
-156	136373.0	121075.0
-155	129791.0	123041.0
-154	134980.0	123942.0
-153	133159.0	128903.0
-152	137809.0	127597.0
-151	137318.0	129421.0
-150	138136.0	128362.0
-149	140375.0	128171.0
-148	144959.0	121521.0
-147	136290.0	125198.0
-146	133213.0	130438.0
-145	142322.0	128922.0
-144	138102.0	124233.0
-143	137102.0	122733.0
-142	136240.0	124231.0
-141	131410.0	125561.0
-140	136193.0	132231.0
-139	143452.0	130119.0
-138	148191.0	127553.0
-137	146892.0	125478.0
-136	144674.0	123576.0
-135	144591.0	123065.0
-134	139216.0	119080.0
-133	133530.0	118964.0
-132	138895.0	125676.0
-131	139394.0	120980.0
-130	137512.0	120460.0
-129	138030.0	117543.0
-128	136821.0	117745.0
-127	135376.0	117532.0
-126	130559.0	117784.0
-125	132473.0	119813.0
-124	131527.0	121261.0
-123	130442.0	120394.0
-122	133990.0	118619.0
-121	138354.0	121701.0
-120	140012.0	123025.0
-119	138963.0	121436.0
-118	138310.0	124586.0
-117	136890.0	117878.0
-116	131638.0	122624.0
-115	135427.0	122996.0
-114	133361.0	120600.0
-113	136289.0	117528.0
-112	128547.0	116797.0
-111	125373.0	117469.0
-110	132652.0	124677.0
-109	136949.0	126036.0
-108	140429.0	122755.0
-107	136078.0	120020.0
-106	133663.0	116699.0
-105	127717.0	111649.0
-104	125088.0	115167.0
-103	126548.0	119033.0
-102	129194.0	119757.0
-101	122507.0	120528.0
-100	131140.0	122281.0
-99	136679.0	123665.0
-98	134843.0	119102.0
-97	129322.0	118083.0
-96	131124.0	121428.0
-95	130868.0	117491.0
-94	123166.0	125337.0
-93	130104.0	128992.0
-92	134929.0	129134.0
-91	139040.0	121997.0
-90	136480.0	123743.0
-89	131562.0	126712.0
-88	136475.0	125040.0
-87	134757.0	122328.0
-86	128133.0	124667.0
-85	130480.0	126126.0
-84	131326.0	126709.0
-83	128767.0	130333.0
-82	129896.0	134792.0
-81	137596.0	129056.0
-80	140927.0	131203.0
-79	138698.0	124964.0
-78	133526.0	124393.0
-77	140271.0	130131.0
-76	132542.0	125237.0
-75	131517.0	129904.0
-74	129748.0	126734.0
-73	134713.0	127814.0
-72	133797.0	128376.0
-71	136709.0	130346.0
-70	140949.0	132866.0
-69	141782.0	133245.0
-68	137925.0	128183.0
-67	137562.0	129239.0
-66	136142.0	129910.0
-65	139280.0	134435.0
-64	135514.0	134568.0
-63	139199.0	134753.0
-62	141052.0	127614.0
-61	140124.0	125841.0
-60	138914.0	128027.0
-59	136206.0	129555.0
-58	138844.0	128924.0
-57	136197.0	123875.0
-56	129423.0	129662.0
-55	137509.0	130790.0
-54	136652.0	133806.0
-53	138212.0	135174.0
-52	137668.0	134777.0
-51	143531.0	136923.0
-50	141928.0	131374.0
-49	133208.0	128925.0
-48	133308.0	136828.0
-47	138310.0	138959.0
-46	141510.0	137562.0
-45	142146.0	136629.0
-44	139855.0	134088.0
-43	140642.0	135142.0
-42	136313.0	132009.0
-41	135344.0	134961.0
-40	141012.0	139229.0
-39	144573.0	136223.0
-38	141158.0	138441.0
-37	140388.0	143909.0
-36	145087.0	141621.0
-35	146183.0	136286.0
-34	139865.0	138196.0
-33	141095.0	147818.0
-32	146124.0	150294.0
-31	150858.0	147893.0
-30	155968.0	142117.0
-29	153644.0	144848.0
-28	156250.0	142950.0
-27	157903.0	142030.0
-26	145031.0	133922.0
-25	142542.0	140174.0
-24	147630.0	139414.0
-23	149385.0	139522.0
-22	146743.0	138468.0
-21	136644.0	140019.0
-20	145420.0	153418.0
-19	155383.0	154239.0
-18	156206.0	149165.0
-17	152277.0	146108.0
-16	156284.0	147832.0
-15	156424.0	153539.0
-14	149833.0	148925.0
-13	151607.0	156090.0
-12	161874.0	154150.0
-11	160814.0	154266.0
-10	160818.0	160248.0
-9	158561.0	158757.0
-8	167019.0	166602.0
-7	164216.0	163936.0
-6	158259.0	165071.0
-5	162249.0	173162.0
-4	167360.0	169137.0
-3	170668.0	196176.0
-2	183360.0	226888.0
-1	241339.0	272359.0
0	420020.0	193910.0
1	245260.0	114145.0
2	188631.0	127982.0
3	176525.0	128333.0
4	180098.0	124246.0
5	177659.0	125445.0
6	171382.0	134616.0
7	175807.0	136600.0
8	175046.0	130506.0
9	167747.0	134061.0
10	165881.0	135107.0
11	162324.0	131639.0
12	167309.0	128341.0
13	162086.0	126682.0
14	157948.0	131892.0
15	159201.0	133052.0
16	156653.0	138453.0
17	166780.0	138321.0
18	160550.0	133266.0
19	158570.0	129993.0
20	154856.0	127074.0
21	151667.0	131555.0
22	154068.0	137185.0
23	151861.0	131100.0
24	153821.0	134378.0
25	152313.0	136709.0
26	156208.0	142060.0
27	163643.0	141852.0
28	158315.0	142162.0
29	156105.0	143985.0
30	158498.0	139341.0
31	160582.0	134198.0
32	156494.0	132235.0
33	151714.0	136295.0
34	148989.0	138152.0
35	155539.0	142458.0
36	157141.0	140147.0
37	154490.0	136002.0
38	147095.0	136969.0
39	149601.0	134968.0
40	143991.0	135342.0
41	143031.0	136927.0
42	146117.0	143092.0
43	152245.0	144693.0
44	155876.0	146703.0
45	148644.0	144340.0
46	147414.0	144011.0
47	146725.0	139841.0
48	148052.0	147322.0
49	151550.0	150265.0
50	151293.0	146467.0
51	146107.0	143792.0
52	146646.0	148731.0
53	146625.0	148653.0
54	148816.0	151171.0
55	147688.0	149268.0
56	145312.0	146320.0
57	143861.0	149099.0
58	144492.0	148502.0
59	142288.0	153871.0
60	146457.0	158326.0
61	146848.0	153319.0
62	152646.0	153672.0
63	148350.0	149135.0
64	146921.0	155485.0
65	147376.0	158643.0
66	146110.0	152602.0
67	144638.0	150746.0
68	140888.0	150739.0
69	142754.0	153981.0
70	142917.0	152219.0
71	141150.0	153938.0
72	140506.0	155306.0
73	141640.0	151819.0
74	145120.0	148680.0
75	140244.0	156118.0
76	141443.0	158363.0
77	145815.0	160063.0
78	141785.0	151702.0
79	142178.0	160734.0
80	144866.0	161029.0
81	148209.0	154957.0
82	144145.0	150887.0
83	138146.0	156576.0
84	139756.0	157172.0
85	140061.0	154520.0
86	140161.0	157574.0
87	139847.0	166663.0
88	142604.0	155190.0
89	139130.0	154922.0
90	136724.0	160203.0
91	142972.0	157918.0
92	145058.0	161157.0
93	144138.0	156301.0
94	135706.0	155127.0
95	135930.0	157080.0
96	133442.0	154616.0
97	138148.0	166742.0
98	144117.0	162031.0
99	140395.0	157891.0
100	134789.0	153744.0
101	135266.0	157722.0
102	139238.0	157157.0
103	129907.0	153597.0
104	130562.0	162861.0
105	135811.0	166428.0
106	140423.0	169710.0
107	141238.0	173412.0
108	144292.0	172316.0
109	143494.0	169339.0
110	142866.0	163526.0
111	132104.0	158876.0
112	139903.0	172248.0
113	141390.0	169691.0
114	139393.0	174057.0
115	146120.0	171029.0
116	142516.0	170007.0
117	145535.0	168951.0
118	145591.0	164852.0
119	141266.0	173734.0
120	140169.0	169657.0
121	140507.0	163216.0
122	141216.0	164879.0
123	141101.0	164365.0
124	140972.0	165772.0
125	145861.0	167662.0
126	139769.0	164707.0
127	141515.0	171480.0
128	140635.0	164495.0
129	144093.0	171800.0
130	146116.0	170717.0
131	145784.0	169540.0
132	145656.0	169467.0
133	145049.0	166699.0
134	150593.0	171538.0
135	144618.0	167925.0
136	143641.0	167173.0
137	150061.0	174989.0
138	149979.0	165645.0
139	152049.0	161781.0
140	148009.0	155296.0
141	145395.0	160152.0
142	145550.0	165030.0
143	146074.0	167463.0
144	149734.0	166175.0
145	151836.0	162332.0
146	149186.0	163847.0
147	145919.0	164383.0
148	145005.0	159384.0
149	141772.0	156276.0
150	142005.0	161422.0
151	144282.0	162683.0
152	144457.0	158205.0
153	138823.0	161175.0
154	140856.0	159859.0
155	139217.0	159771.0
156	142368.0	163240.0
157	140820.0	166425.0
158	148104.0	164958.0
159	146660.0	163803.0
160	151166.0	164353.0
161	143971.0	157949.0
162	141858.0	163689.0
163	139917.0	155085.0
164	145793.0	157316.0
165	141766.0	161850.0
166	148407.0	167637.0
167	148927.0	160666.0
168	142538.0	153083.0
169	141059.0	159461.0
170	143600.0	159379.0
171	143444.0	152029.0
172	143360.0	151039.0
173	139554.0	153659.0
174	143889.0	164409.0
175	150189.0	154126.0
176	144248.0	147310.0
177	141375.0	155225.0
178	144092.0	156886.0
179	143566.0	148871.0
180	141036.0	146282.0
181	138025.0	147433.0
182	134262.0	155059.0
183	139851.0	154235.0
184	142447.0	153470.0
185	143173.0	155506.0
186	139549.0	149137.0
187	137002.0	147118.0
188	138184.0	148463.0
189	143264.0	150072.0
190	142853.0	143736.0
191	139923.0	133192.0
192	134789.0	144119.0
193	136156.0	149845.0
194	141657.0	148513.0
195	138829.0	134761.0
196	137751.0	146187.0
197	139663.0	140713.0
198	138191.0	135002.0
199	135152.0	135601.0
200	131559.0	139908.0
201	137678.0	140441.0
202	138761.0	140913.0
203	136989.0	133176.0
204	136854.0	135632.0
205	131706.0	145018.0
206	134147.0	137378.0
207	135485.0	133872.0
208	128596.0	130501.0
209	124993.0	131976.0
210	126320.0	128952.0
211	122975.0	132625.0
212	121659.0	139443.0
213	127225.0	141191.0
214	129213.0	139151.0
215	129168.0	136015.0
216	130143.0	141885.0
217	127339.0	136011.0
218	127754.0	135905.0
219	126744.0	139206.0
220	134817.0	147768.0
221	136496.0	142230.0
222	135917.0	143618.0
223	132327.0	141957.0
224	132571.0	144390.0
225	139931.0	136388.0
226	129842.0	134435.0
227	128943.0	137376.0
228	130664.0	134608.0
229	129548.0	141451.0
230	132111.0	133829.0
231	130486.0	139024.0
232	131322.0	135145.0
233	130844.0	130054.0
234	127103.0	130834.0
235	127518.0	131962.0
236	124595.0	134690.0
237	125129.0	132365.0
238	121837.0	124253.0
239	121520.0	136478.0
240	124720.0	133719.0
241	119889.0	133106.0
242	120904.0	132437.0
243	119519.0	137267.0
244	122354.0	138635.0
245	123069.0	133110.0
246	125496.0	143478.0
247	126986.0	138181.0
248	126485.0	134672.0
249	123866.0	144218.0
250	124837.0	146219.0
251	130967.0	145779.0
252	137554.0	138762.0
253	128623.0	133291.0
254	123025.0	135965.0
255	120103.0	137547.0
256	126610.0	140673.0
257	129566.0	139903.0
258	124861.0	144437.0
259	134112.0	144100.0
260	125417.0	130007.0
261	123167.0	132748.0
262	124387.0	136687.0
263	122734.0	133379.0
264	125009.0	134760.0
265	122019.0	132836.0
266	118843.0	135276.0
267	119047.0	139847.0
268	126430.0	144586.0
269	130962.0	137185.0
270	125680.0	137159.0
271	121814.0	136696.0
272	123892.0	138087.0
273	126288.0	147664.0
274	130663.0	145760.0
275	127676.0	150655.0
276	140692.0	143793.0
277	134823.0	134807.0
278	128198.0	136069.0
279	125175.0	140687.0
280	126440.0	140119.0
281	132735.0	139071.0
282	131253.0	133760.0
283	129138.0	139865.0
284	131682.0	148944.0
285	133622.0	144191.0
286	131114.0	137437.0
287	127699.0	137500.0
288	129426.0	132427.0
289	131586.0	130739.0
290	127339.0	129672.0
291	123899.0	139071.0
292	125566.0	139040.0
293	129057.0	139539.0
294	132400.0	136428.0
295	127052.0	128638.0
296	125598.0	129146.0
297	126796.0	131733.0
298	124187.0	129286.0
299	124818.0	128440.0
300	121896.0	133972.0
301	125415.0	138803.0
302	125594.0	138557.0
303	125824.0	138660.0
304	131083.0	138466.0
305	131936.0	136486.0
306	132244.0	127396.0
307	122023.0	133236.0
308	126487.0	135077.0
309	127778.0	133137.0
310	123620.0	132924.0
311	127243.0	138369.0
312	129447.0	140557.0
313	132580.0	131379.0
314	127377.0	133611.0
315	124748.0	127740.0
316	122699.0	128914.0
317	123934.0	135558.0
318	131636.0	137331.0
319	130740.0	132495.0
320	127982.0	132679.0
321	128670.0	129258.0
322	127067.0	131461.0
323	130879.0	133620.0
324	127962.0	127326.0
325	128964.0	122729.0
326	125725.0	128069.0
327	121789.0	122000.0
328	118860.0	123720.0
329	117536.0	124790.0
330	120228.0	127839.0
331	121196.0	130463.0
332	126919.0	133750.0
333	128342.0	135607.0
334	128062.0	130907.0
335	122945.0	129145.0
336	123002.0	128826.0
337	124478.0	130844.0
338	126055.0	132061.0
339	124543.0	133979.0
340	125663.0	131055.0
341	127454.0	133483.0
342	121361.0	129653.0
343	124315.0	126809.0
344	120718.0	131039.0
345	123069.0	128023.0
346	117887.0	128249.0
347	120591.0	133457.0
348	124414.0	136066.0
349	128624.0	140515.0
350	131983.0	130001.0
351	122507.0	126647.0
352	121115.0	127611.0
353	119878.0	126193.0
354	123537.0	129932.0
355	124011.0	124145.0
356	119482.0	125361.0
357	118448.0	123308.0
358	118208.0	125820.0
359	120243.0	127140.0
360	122001.0	130314.0
361	123622.0	128006.0
362	120783.0	125965.0
363	118549.0	132745.0
364	122448.0	128935.0
365	121732.0	128058.0
366	123379.0	132110.0
367	127507.0	129106.0
368	125747.0	133785.0
369	127394.0	126425.0
370	119494.0	122297.0
371	121770.0	124200.0
372	120281.0	121452.0
373	115133.0	117048.0
374	113292.0	115552.0
375	111156.0	123407.0
376	116384.0	126691.0
377	121085.0	127619.0
378	117107.0	122706.0
379	112871.0	122079.0
380	116511.0	122518.0
381	117390.0	127947.0
382	120490.0	124934.0
383	117408.0	126715.0
384	116415.0	125337.0
385	117365.0	122708.0
386	119653.0	122062.0
387	118757.0	122577.0
388	116671.0	130088.0
389	116188.0	126666.0
390	116342.0	128187.0
391	120907.0	132842.0
392	121425.0	122537.0
393	116371.0	126757.0
394	118713.0	126232.0
395	117825.0	128105.0
396	122543.0	126833.0
397	119816.0	121186.0
398	120695.0	125659.0
399	121592.0	126506.0
400	121541.0	127378.0
401	117595.0	124715.0
402	116626.0	127769.0
403	124043.0	132610.0
404	122587.0	124514.0
405	120263.0	123409.0
406	118219.0	125651.0
407	118468.0	127585.0
408	117404.0	117921.0
409	117751.0	125405.0
410	120130.0	124906.0
411	119023.0	129761.0
412	120029.0	129122.0
413	122664.0	128300.0
414	121478.0	129006.0
415	123839.0	129455.0
416	121116.0	125903.0
417	126067.0	123454.0
418	121735.0	134485.0
419	127217.0	129455.0
420	124680.0	128468.0
421	127002.0	126737.0
422	124888.0	123493.0
423	124143.0	121798.0
424	120847.0	120842.0
425	123917.0	123498.0
426	122597.0	127549.0
427	120085.0	118166.0
428	119932.0	118293.0
429	121782.0	119813.0
430	115808.0	124701.0
431	120190.0	125171.0
432	122049.0	121735.0
433	119226.0	122305.0
434	123975.0	122232.0
435	121371.0	118695.0
436	122962.0	115868.0
437	115477.0	117938.0
438	116160.0	121379.0
439	113534.0	120870.0
440	120133.0	122367.0
441	118350.0	120534.0
442	122273.0	125574.0
443	123129.0	122984.0
444	121724.0	119399.0
445	118458.0	121441.0
446	120486.0	125660.0
447	123932.0	125190.0
448	126171.0	122857.0
449	121095.0	116339.0
450	121671.0	122808.0
451	121737.0	121359.0
452	121332.0	120377.0
453	125326.0	125907.0
454	124136.0	118507.0
455	119964.0	117419.0
456	123389.0	117210.0
457	118257.0	117660.0
458	116936.0	118792.0
459	118312.0	122786.0
460	122717.0	121925.0
461	122142.0	118435.0
462	118710.0	116471.0
463	114974.0	121101.0
464	119574.0	123622.0
465	122679.0	123471.0
466	122837.0	120657.0
467	120722.0	119440.0
468	122076.0	124888.0
469	123600.0	125241.0
470	121545.0	121337.0
471	120557.0	118807.0
472	119151.0	119296.0
473	121436.0	117436.0
474	116851.0	121668.0
475	120959.0	127520.0
476	119769.0	122802.0
477	126324.0	126750.0
478	126265.0	125327.0
479	128581.0	119103.0
480	122580.0	115668.0
481	119027.0	123236.0
482	119990.0	123963.0
483	123802.0	124900.0
484	128191.0	120757.0
485	118651.0	117867.0
486	118916.0	121222.0
487	120541.0	117447.0
488	118760.0	115195.0
489	116287.0	115884.0
490	116153.0	119267.0
491	115273.0	118955.0
492	118557.0	121690.0
493	122379.0	121217.0
494	122209.0	112858.0
495	114230.0	116711.0
496	114918.0	117779.0
497	115504.0	119369.0
498	121496.0	123946.0
499	119801.0	123469.0
500	124340.0	127496.0
501	122821.0	118345.0
502	116742.0	115017.0
503	118469.0	120647.0
504	117935.0	122030.0
505	121893.0	126425.0
506	119772.0	121521.0
507	121265.0	123442.0
508	119659.0	129427.0
509	123691.0	130338.0
510	126739.0	125961.0
511	124902.0	129198.0
512	129863.0	123704.0
513	123096.0	122476.0
514	123615.0	121675.0
515	126869.0	123013.0
516	123995.0	117322.0
517	119298.0	117479.0
518	115621.0	118088.0
519	117810.0	121198.0
520	122123.0	119826.0
521	123499.0	118670.0
522	121372.0	117095.0
523	117610.0	119667.0
524	120232.0	122347.0
525	123435.0	123056.0
526	118684.0	120985.0
527	125125.0	122835.0
528	122490.0	120506.0
529	121995.0	115891.0
530	120361.0	119376.0
531	117528.0	116496.0
532	117041.0	118777.0
533	121683.0	125846.0
534	123276.0	123424.0
535	125014.0	124073.0
536	122378.0	124068.0
537	123110.0	125690.0
538	124865.0	122210.0
539	124948.0	120341.0
540	123589.0	119556.0
541	121503.0	114804.0
542	118778.0	115011.0
543	119417.0	120588.0
544	121516.0	120554.0
545	120196.0	118626.0
546	123426.0	115260.0
547	118267.0	119235.0
548	121098.0	121845.0
549	118704.0	116818.0
550	118593.0	118488.0
551	115786.0	118512.0
552	119836.0	121897.0
553	120978.0	121977.0
554	123087.0	127151.0
555	124361.0	119660.0
556	125168.0	122667.0
557	124450.0	119582.0
558	126209.0	113927.0
559	115316.0	110337.0
560	112874.0	118679.0
561	119350.0	118032.0
562	119224.0	117316.0
563	116302.0	120111.0
564	116239.0	120050.0
565	120624.0	116921.0
566	122268.0	119218.0
567	122370.0	120028.0
568	117370.0	116302.0
569	117151.0	119705.0
570	120957.0	122419.0
571	119633.0	115384.0
572	119642.0	116563.0
573	118174.0	118259.0
574	119041.0	119459.0
575	120522.0	112638.0
576	113489.0	119414.0
577	115932.0	121894.0
578	118989.0	122404.0
579	123998.0	120085.0
580	117052.0	118406.0
581	124280.0	118915.0
582	118531.0	119332.0
583	118380.0	121095.0
584	119446.0	126615.0
585	126697.0	123777.0
586	123066.0	119489.0
587	122207.0	119207.0
588	119142.0	119622.0
589	124241.0	117482.0
590	118277.0	120687.0
591	121537.0	120882.0
592	121001.0	119539.0
593	122485.0	120309.0
594	122636.0	120433.0
595	121070.0	113819.0
596	119900.0	117978.0
597	117141.0	120301.0
598	120554.0	123885.0
599	120967.0	122905.0
600	126686.0	123760.0
601	124095.0	123839.0
602	129140.0	122801.0
603	121706.0	116165.0
604	114608.0	112591.0
605	114949.0	116776.0
606	121642.0	119751.0
607	119209.0	118577.0
608	121623.0	122151.0
609	122194.0	121391.0
610	123679.0	121898.0
611	122880.0	124081.0
612	123542.0	118733.0
613	121448.0	118753.0
614	121910.0	116995.0
615	118705.0	117442.0
616	119531.0	123880.0
617	123653.0	126964.0
618	127109.0	118902.0
619	124223.0	114721.0
620	115283.0	113755.0
621	114724.0	117626.0
622	119132.0	118403.0
623	122419.0	120501.0
624	121180.0	122801.0
625	120856.0	122304.0
626	125751.0	117982.0
627	120749.0	121252.0
628	119433.0	121819.0
629	119996.0	120875.0
630	120376.0	116168.0
631	120008.0	120651.0
632	123631.0	125177.0
633	123413.0	122435.0
634	125363.0	121263.0
635	120959.0	120067.0
636	121610.0	125112.0
637	120954.0	124271.0
638	127898.0	127076.0
639	127390.0	122822.0
640	122815.0	118154.0
641	119621.0	120370.0
642	125190.0	125655.0
643	125773.0	123428.0
644	128400.0	125934.0
645	131443.0	128641.0
646	127545.0	121882.0
647	120661.0	116473.0
648	122132.0	117656.0
649	119666.0	121699.0
650	123503.0	122293.0
651	120786.0	121254.0
652	121280.0	122466.0
653	124793.0	123862.0
654	127564.0	124677.0
655	127228.0	119825.0
656	124516.0	118622.0
657	120779.0	121423.0
658	128413.0	118682.0
659	122597.0	119086.0
660	125843.0	119143.0
661	121128.0	120072.0
662	122129.0	125314.0
663	128768.0	124407.0
664	125630.0	123356.0
665	127457.0	124617.0
666	130919.0	121296.0
667	124444.0	121661.0
668	126397.0	118467.0
669	126645.0	126869.0
670	130513.0	123644.0
671	129445.0	125298.0
672	133574.0	128299.0
673	132904.0	117225.0
674	131957.0	116721.0
675	125251.0	120470.0
676	124879.0	120056.0
677	126607.0	118775.0
678	128427.0	120209.0
679	127962.0	119043.0
680	122444.0	114938.0
681	123074.0	120299.0
682	127124.0	121237.0
683	122778.0	115475.0
684	119580.0	117476.0
685	121876.0	118541.0
686	124698.0	115395.0
687	122971.0	117259.0
688	119242.0	117495.0
689	121178.0	121069.0
690	119850.0	117511.0
691	120150.0	116274.0
692	119153.0	116391.0
693	120670.0	117194.0
694	118466.0	123901.0
695	123327.0	121482.0
696	128225.0	122189.0
697	124257.0	116401.0
698	120609.0	118984.0
699	122733.0	124162.0
700	126294.0	123004.0
701	123597.0	116587.0
702	120452.0	123426.0
703	124434.0	124791.0
704	130430.0	122062.0
705	128954.0	121576.0
706	127117.0	122001.0
707	121397.0	121249.0
708	124852.0	126925.0
709	130319.0	123559.0
710	131811.0	115308.0
711	124619.0	119386.0
712	125960.0	121678.0
713	124769.0	123674.0
714	126857.0	121484.0
715	127465.0	124103.0
716	126330.0	121860.0
717	125311.0	117346.0
718	126825.0	113677.0
719	119581.0	114317.0
720	119987.0	119774.0
721	122713.0	119992.0
722	125160.0	120105.0
723	129522.0	120291.0
724	123169.0	118296.0
725	123469.0	120560.0
726	124370.0	118916.0
727	121160.0	114835.0
728	121539.0	116278.0
729	123798.0	121207.0
730	123985.0	119497.0
731	124889.0	120145.0
732	125743.0	117588.0
733	123786.0	121801.0
734	123295.0	123320.0
735	125169.0	121696.0
736	125399.0	122512.0
737	129808.0	122504.0
738	126078.0	119344.0
739	125429.0	123683.0
740	129867.0	122636.0
741	129663.0	120429.0
742	127555.0	120972.0
743	123261.0	127177.0
744	129680.0	128548.0
745	130455.0	125223.0
746	130508.0	119265.0
747	125464.0	118569.0
748	123281.0	123167.0
749	124537.0	117635.0
750	123725.0	125762.0
751	127702.0	130683.0
752	133864.0	128646.0
753	132810.0	120312.0
754	125469.0	121394.0
755	125757.0	122853.0
756	130081.0	125758.0
757	126841.0	122108.0
758	126095.0	127483.0
759	135294.0	121441.0
760	128527.0	121534.0
761	123507.0	122544.0
762	124097.0	123408.0
763	127243.0	121105.0
764	125985.0	117638.0
765	126792.0	119851.0
766	125657.0	121248.0
767	124860.0	125051.0
768	127351.0	125833.0
769	126350.0	123517.0
770	128373.0	119826.0
771	123442.0	121048.0
772	125428.0	117725.0
773	122809.0	118810.0
774	120501.0	119274.0
775	120431.0	122974.0
776	125435.0	122829.0
777	123060.0	122937.0
778	121597.0	120651.0
779	118082.0	122207.0
780	121571.0	125890.0
781	125332.0	119863.0
782	118993.0	123282.0
783	125076.0	129142.0
784	124267.0	127802.0
785	129909.0	132418.0
786	129516.0	128323.0
787	131212.0	140383.0
788	136006.0	132112.0
789	132826.0	126302.0
790	127554.0	124045.0
791	129157.0	125483.0
792	127296.0	125058.0
793	122591.0	122364.0
794	128131.0	127747.0
795	128873.0	123366.0
796	127199.0	125754.0
797	127035.0	126552.0
798	129919.0	124147.0
799	126717.0	126742.0
800	125452.0	122713.0
801	123311.0	122878.0
802	127568.0	128186.0
803	130753.0	133218.0
804	136083.0	132268.0
805	131877.0	126944.0
806	131820.0	128679.0
807	130416.0	127473.0
808	131855.0	127584.0
809	132150.0	128450.0
810	127142.0	124496.0
811	134228.0	126079.0
812	132861.0	126799.0
813	131670.0	126794.0
814	128255.0	130913.0
815	133122.0	133299.0
816	137903.0	126512.0
817	128395.0	124449.0
818	127051.0	126183.0
819	128630.0	128839.0
820	134528.0	126813.0
821	130805.0	124036.0
822	129278.0	128712.0
823	130487.0	127544.0
824	128062.0	124456.0
825	126632.0	119707.0
826	125358.0	125728.0
827	127217.0	126467.0
828	125613.0	125351.0
829	125324.0	127972.0
830	132586.0	131474.0
831	133525.0	131579.0
832	132114.0	131364.0
833	135782.0	131171.0
834	133150.0	124740.0
835	130641.0	126752.0
836	127901.0	131072.0
837	131397.0	129677.0
838	137543.0	125156.0
839	132279.0	126499.0
840	130228.0	125247.0
841	129807.0	123562.0
842	130225.0	127357.0
843	136490.0	126512.0
844	134163.0	119090.0
845	125827.0	125936.0
846	134352.0	127798.0
847	131253.0	121532.0
848	135684.0	121949.0
849	131568.0	119574.0
850	129715.0	121643.0
851	123808.0	119949.0
852	125877.0	124287.0
853	126472.0	124352.0
854	134565.0	125380.0
855	132087.0	119097.0
856	123734.0	123222.0
857	129503.0	128734.0
858	130497.0	130027.0
859	133485.0	126799.0
860	131177.0	122751.0
861	132303.0	118350.0
862	126187.0	117928.0
863	123709.0	123405.0
864	128500.0	124966.0
865	129428.0	123462.0
866	131872.0	124386.0
867	127685.0	125580.0
868	126048.0	131361.0
869	133821.0	130941.0
870	136884.0	129665.0
871	134904.0	125871.0
872	134748.0	120920.0
873	129173.0	122679.0
874	126678.0	124569.0
875	128097.0	125601.0
876	136065.0	122997.0
877	128751.0	123977.0
878	133651.0	127494.0
879	127774.0	123181.0
880	127643.0	126318.0
881	134067.0	128554.0
882	132968.0	129385.0
883	137349.0	127561.0
884	132442.0	127810.0
885	135466.0	135843.0
886	137881.0	129068.0
887	137242.0	125984.0
888	131587.0	124627.0
889	133803.0	126649.0
890	134170.0	126688.0
891	133711.0	127870.0
892	134827.0	128294.0
893	134432.0	128876.0
894	131903.0	123910.0
895	127929.0	128065.0
896	135616.0	127703.0
897	136548.0	127776.0
898	133344.0	124532.0
899	132060.0	126910.0
900	131256.0	129324.0
901	131784.0	136479.0
902	134807.0	129813.0
903	136014.0	120991.0
904	131484.0	112824.0
905	118836.0	121691.0
906	123483.0	124198.0
907	127043.0	124519.0
908	127916.0	121188.0
909	124732.0	126187.0
910	130686.0	126592.0
911	129447.0	122658.0
912	126541.0	124606.0
913	124759.0	123041.0
914	127930.0	120881.0
915	125952.0	122447.0
916	123577.0	118975.0
917	119470.0	121611.0
918	123889.0	127369.0
919	128486.0	131439.0
920	129521.0	128401.0
921	124854.0	131445.0
922	128093.0	130242.0
923	126694.0	126618.0
924	125141.0	131565.0
925	129007.0	132623.0
926	132568.0	129943.0
927	133372.0	132104.0
928	130319.0	130486.0
929	133835.0	132001.0
930	126730.0	132670.0
931	133963.0	132028.0
932	126607.0	124245.0
933	127323.0	130322.0
934	129237.0	131151.0
935	133051.0	129328.0
936	128171.0	129104.0
937	128266.0	132511.0
938	123118.0	130993.0
939	126211.0	128585.0
940	125901.0	132602.0
941	130278.0	134116.0
942	132459.0	133199.0
943	131674.0	130761.0
944	126669.0	133912.0
945	132586.0	135483.0
946	134327.0	132478.0
947	134385.0	133080.0
948	132611.0	137837.0
949	130747.0	131173.0
950	133253.0	136846.0
951	130235.0	136095.0
952	134155.0	140174.0
953	135343.0	135422.0
954	135835.0	140573.0
955	141207.0	138614.0
956	139302.0	134544.0
957	135902.0	136536.0
958	137952.0	133259.0
959	136474.0	130219.0
960	134787.0	134391.0
961	131842.0	131435.0
962	134567.0	135002.0
963	140239.0	136727.0
964	140064.0	134538.0
965	136362.0	134444.0
966	135518.0	130957.0
967	136718.0	127772.0
968	128613.0	126956.0
969	128106.0	126963.0
970	129604.0	129824.0
971	132016.0	130318.0
972	135790.0	135307.0
973	139351.0	131591.0
974	134502.0	128547.0
975	131768.0	124475.0
976	125075.0	121537.0
977	124528.0	127664.0
978	132105.0	130735.0
979	136089.0	130759.0
980	135424.0	132158.0
981	134314.0	131837.0
982	133962.0	126308.0
983	128169.0	132560.0
984	134604.0	131858.0
985	136151.0	129787.0
986	129718.0	122665.0
987	131567.0	129352.0
988	132669.0	126350.0
989	133467.0	125501.0
990	133996.0	127022.0
991	132656.0	122661.0
992	127194.0	126571.0
993	125652.0	130421.0
994	130967.0	126623.0
995	127955.0	123372.0
996	126841.0	122225.0
997	127635.0	124264.0
998	125127.0	124808.0
999	130143.0	127855.0
1000	128645.0	131957.0
1001	132150.0	131540.0
1002	128002.0	130589.0
1003	132911.0	128505.0
1004	129607.0	127497.0
1005	129180.0	131554.0
1006	132024.0	129917.0
1007	129774.0	131220.0
1008	132658.0	134427.0
1009	133232.0	132640.0
1010	138164.0	137326.0
1011	137824.0	135016.0
1012	129627.0	130295.0
1013	134295.0	130991.0
1014	129713.0	128795.0
1015	135293.0	131051.0
1016	127444.0	129175.0
1017	131040.0	137433.0
1018	136016.0	134304.0
1019	133560.0	132514.0
1020	128804.0	133605.0
1021	135843.0	131625.0
1022	134882.0	132491.0
1023	132850.0	134718.0
1024	134321.0	138108.0
1025	138945.0	133385.0
1026	139056.0	130566.0
1027	133279.0	132965.0
1028	136234.0	134568.0
1029	138940.0	129255.0
1030	133468.0	132244.0
1031	134850.0	133309.0
1032	133541.0	133197.0
1033	136980.0	133377.0
1034	135400.0	135148.0
1035	138952.0	132899.0
1036	140751.0	132407.0
1037	138195.0	131319.0
1038	132131.0	126422.0
1039	130936.0	131756.0
1040	136395.0	131170.0
1041	141527.0	128263.0
1042	129888.0	124802.0
1043	128677.0	132786.0
1044	132736.0	131206.0
1045	135676.0	126902.0
1046	129918.0	127544.0
1047	131444.0	128385.0
1048	135792.0	124549.0
1049	123966.0	125804.0
1050	127018.0	123245.0
1051	125901.0	123008.0
1052	124018.0	131445.0
1053	125415.0	129463.0
1054	126768.0	131352.0
1055	125089.0	130687.0
1056	132258.0	131418.0
1057	127088.0	125029.0
1058	125772.0	128822.0
1059	122204.0	138739.0
1060	133973.0	142625.0
1061	135885.0	134157.0
1062	131742.0	133550.0
1063	133498.0	134659.0
1064	133100.0	136521.0
1065	134009.0	132220.0
1066	134408.0	136599.0
1067	136717.0	133629.0
1068	133297.0	124403.0
1069	119308.0	124442.0
1070	125900.0	131722.0
1071	130540.0	132825.0
1072	132085.0	133201.0
1073	127407.0	130838.0
1074	128258.0	134665.0
1075	131670.0	133043.0
1076	129963.0	135041.0
1077	129808.0	135202.0
1078	132029.0	133776.0
1079	134077.0	134928.0
1080	134257.0	133739.0
1081	132413.0	136910.0
1082	134175.0	135888.0
1083	131901.0	129733.0
1084	130238.0	130986.0
1085	132750.0	138178.0
1086	132407.0	132103.0
1087	136418.0	141401.0
1088	142760.0	141330.0
1089	139313.0	133683.0
1090	131997.0	136426.0
1091	135918.0	141282.0
1092	144896.0	138084.0
1093	137971.0	133819.0
1094	132009.0	132569.0
1095	135959.0	135655.0
1096	134606.0	135849.0
1097	137904.0	135093.0
1098	135053.0	132840.0
1099	137299.0	141342.0
1100	140307.0	134809.0
1101	137431.0	132012.0
1102	134231.0	133698.0
1103	138051.0	138102.0
1104	136067.0	132595.0
1105	134253.0	131074.0
1106	136392.0	125685.0
1107	131881.0	124823.0
1108	130906.0	130925.0
1109	130793.0	135103.0
1110	135045.0	130340.0
1111	131460.0	126649.0
1112	131558.0	127828.0
1113	129781.0	130802.0
1114	131412.0	130046.0
1115	130276.0	132150.0
1116	131573.0	130949.0
1117	135018.0	127918.0
1118	128826.0	128682.0
1119	128463.0	133333.0
1120	135187.0	136246.0
1121	134962.0	136748.0
1122	136157.0	136182.0
1123	132427.0	134717.0
1124	136476.0	129029.0
1125	136246.0	136035.0
1126	130800.0	135698.0
1127	137237.0	127961.0
1128	133448.0	129288.0
1129	129851.0	132003.0
1130	133267.0	138787.0
1131	139110.0	132707.0
1132	135288.0	128791.0
1133	131496.0	122770.0
1134	126984.0	123017.0
1135	127625.0	124255.0
1136	126932.0	126094.0
1137	127221.0	131975.0
1138	127455.0	129585.0
1139	134154.0	132370.0
1140	133033.0	131981.0
1141	133526.0	133960.0
1142	133182.0	128712.0
1143	133112.0	126790.0
1144	128815.0	127898.0
1145	132152.0	130701.0
1146	128797.0	130585.0
1147	130383.0	135764.0
1148	137315.0	131784.0
1149	136876.0	127530.0
1150	128349.0	128716.0
1151	128337.0	138888.0
1152	137670.0	136056.0
1153	138408.0	130881.0
1154	133198.0	129932.0
1155	129946.0	124875.0
1156	126383.0	128354.0
1157	129999.0	130155.0
1158	132166.0	137590.0
1159	130643.0	132214.0
1160	129661.0	127283.0
1161	124953.0	128343.0
1162	126468.0	127250.0
1163	126422.0	126456.0
1164	124612.0	132308.0
1165	130515.0	132517.0
1166	131257.0	131802.0
1167	135169.0	134299.0
1168	126366.0	133027.0
1169	132663.0	137891.0
1170	134980.0	134020.0
1171	126201.0	130732.0
1172	124560.0	132007.0
1173	131023.0	136419.0
1174	129325.0	137596.0
1175	136878.0	144369.0
1176	136034.0	137051.0
1177	134435.0	134048.0
1178	130095.0	133786.0
1179	134880.0	136029.0
1180	135660.0	133021.0
1181	135776.0	130316.0
1182	133151.0	132994.0
1183	124455.0	130643.0
1184	130015.0	131053.0
1185	137343.0	131108.0
1186	131152.0	126577.0
1187	126985.0	129945.0
1188	130807.0	126134.0
1189	126790.0	128728.0
1190	125292.0	132073.0
1191	128801.0	133245.0
1192	127369.0	126968.0
1193	128828.0	129721.0
1194	134949.0	128647.0
1195	132202.0	126305.0
1196	123417.0	130822.0
1197	127908.0	131719.0
1198	127207.0	124901.0
1199	122861.0	127082.0
1200	123337.0	132996.0
1201	126841.0	130536.0
1202	131597.0	138511.0
1203	135549.0	131123.0
1204	131922.0	127359.0
1205	127760.0	127938.0
1206	128087.0	132680.0
1207	124230.0	131830.0
1208	126676.0	127698.0
1209	125525.0	133121.0
1210	128366.0	132006.0
1211	127763.0	136983.0
1212	131320.0	132953.0
1213	126555.0	138305.0
1214	129681.0	137262.0
1215	128615.0	131704.0
1216	130098.0	125870.0
1217	126645.0	127620.0
1218	121538.0	135971.0
1219	130331.0	132140.0
1220	128865.0	129578.0
1221	126701.0	137967.0
1222	130649.0	136688.0
1223	133897.0	139658.0
1224	133467.0	133557.0
1225	132025.0	133764.0
1226	132074.0	135659.0
1227	128615.0	135922.0
1228	126456.0	135769.0
1229	132194.0	136205.0
1230	138074.0	137875.0
1231	133625.0	134590.0
1232	131949.0	132637.0
1233	129123.0	132866.0
1234	131543.0	137718.0
1235	133265.0	139584.0
1236	128335.0	132668.0
1237	133454.0	137172.0
1238	131963.0	139410.0
1239	134725.0	139785.0
1240	130560.0	131392.0
1241	133889.0	128955.0
1242	126721.0	132036.0
1243	126400.0	130835.0
1244	124708.0	131602.0
1245	124905.0	132538.0
1246	131374.0	137847.0
1247	136874.0	134936.0
1248	127891.0	129648.0
1249	127750.0	138701.0
1250	132104.0	137919.0
1251	140379.0	131469.0
1252	128334.0	126291.0
1253	128722.0	141625.0
1254	136494.0	137541.0
1255	133076.0	130598.0
1256	130345.0	138216.0
1257	131051.0	143741.0
1258	145901.0	139532.0
1259	136258.0	132267.0
1260	133654.0	136817.0
1261	137326.0	134705.0
1262	134968.0	138766.0
1263	138193.0	137301.0
1264	141871.0	136612.0
1265	140365.0	130250.0
1266	139164.0	133946.0
1267	133609.0	129536.0
1268	130573.0	131571.0
1269	134040.0	129489.0
1270	132505.0	125605.0
1271	124589.0	128739.0
1272	126870.0	128489.0
1273	134053.0	130200.0
1274	135575.0	128452.0
1275	128977.0	126828.0
1276	129091.0	134676.0
1277	130372.0	130010.0
1278	134362.0	127264.0
1279	124146.0	127645.0
1280	125337.0	128160.0
1281	126743.0	131598.0
1282	131566.0	124639.0
1283	128037.0	129541.0
1284	128589.0	129371.0
1285	130838.0	128137.0
1286	130338.0	128029.0
1287	130592.0	127800.0
1288	128772.0	131770.0
1289	126832.0	127468.0
1290	127350.0	129771.0
1291	132065.0	131273.0
1292	131647.0	125452.0
1293	127020.0	127956.0
1294	123535.0	124724.0
1295	128287.0	131626.0
1296	126060.0	127485.0
1297	129166.0	133315.0
1298	126411.0	132211.0
1299	129143.0	133577.0
1300	131140.0	132699.0
1301	128466.0	129391.0
1302	129950.0	128581.0
1303	128231.0	128300.0
1304	125890.0	134181.0
1305	133764.0	135100.0
1306	135631.0	138065.0
1307	136159.0	134314.0
1308	125774.0	127689.0
1309	128656.0	128703.0
1310	128899.0	129818.0
1311	129996.0	131930.0
1312	132261.0	135814.0
1313	133297.0	128538.0
1314	129437.0	126306.0
1315	128813.0	130887.0
1316	127850.0	127004.0
1317	128099.0	127055.0
1318	124084.0	127612.0
1319	129071.0	128468.0
1320	124611.0	128843.0
1321	129363.0	130118.0
1322	132941.0	131573.0
1323	135016.0	131220.0
1324	126850.0	125141.0
1325	122784.0	125219.0
1326	126633.0	128731.0
1327	129692.0	130860.0
1328	127959.0	130650.0
1329	125573.0	128213.0
1330	123407.0	130828.0
1331	123339.0	125963.0
1332	127538.0	124126.0
1333	126287.0	127547.0
1334	128709.0	130030.0
1335	128227.0	136195.0
1336	128084.0	130634.0
1337	130696.0	126307.0
1338	122007.0	124435.0
1339	122128.0	124754.0
1340	126898.0	128379.0
1341	125886.0	131755.0
1342	125520.0	123990.0
1343	122619.0	126315.0
1344	125115.0	128475.0
1345	123425.0	128584.0
1346	122120.0	125937.0
1347	118883.0	129916.0
1348	120434.0	136394.0
1349	127805.0	135627.0
1350	127398.0	128475.0
1351	125229.0	135124.0
1352	126808.0	127903.0
1353	119761.0	127108.0
1354	120670.0	133259.0
1355	125800.0	141437.0
1356	133673.0	132407.0
1357	121474.0	127772.0
1358	121691.0	126249.0
1359	122424.0	125306.0
1360	126020.0	133059.0
1361	123601.0	127868.0
1362	121113.0	132750.0
1363	121187.0	124208.0
1364	119711.0	121473.0
1365	116490.0	124424.0
1366	115899.0	129589.0
1367	121573.0	134999.0
1368	124848.0	134510.0
1369	126138.0	132742.0
1370	127430.0	131164.0
1371	121667.0	137167.0
1372	131252.0	145326.0
1373	132538.0	139098.0
1374	126732.0	133038.0
1375	122911.0	131219.0
1376	127405.0	131935.0
1377	125542.0	131997.0
1378	119414.0	138738.0
1379	129710.0	142981.0
1380	130806.0	137717.0
1381	126956.0	135043.0
1382	125743.0	133403.0
1383	133241.0	134917.0
1384	130018.0	134671.0
1385	130593.0	134755.0
1386	128541.0	133164.0
1387	126879.0	129719.0
1388	125034.0	127783.0
1389	124104.0	125681.0
1390	120963.0	126727.0
1391	125382.0	133348.0
1392	126878.0	130554.0
1393	125265.0	129895.0
1394	119867.0	124069.0
1395	121427.0	125544.0
1396	120368.0	130330.0
1397	125715.0	133033.0
1398	122683.0	133425.0
1399	126595.0	132300.0
1400	128662.0	131566.0
1401	126916.0	128915.0
1402	122452.0	125688.0
1403	122820.0	133066.0
1404	127950.0	129047.0
1405	123800.0	124835.0
1406	117250.0	128332.0
1407	124965.0	130376.0
1408	124244.0	129316.0
1409	128787.0	129556.0
1410	123439.0	131130.0
1411	127557.0	125379.0
1412	121756.0	126677.0
1413	123148.0	128154.0
1414	123550.0	134297.0
1415	125246.0	134030.0
1416	128850.0	124763.0
1417	122881.0	127648.0
1418	123233.0	131108.0
1419	124413.0	127450.0
1420	124072.0	126260.0
1421	125160.0	130545.0
1422	125779.0	132342.0
1423	126474.0	125182.0
1424	122478.0	129218.0
1425	129619.0	130292.0
1426	132812.0	127991.0
1427	123849.0	131672.0
1428	130825.0	135354.0
1429	130122.0	129834.0
1430	129475.0	132644.0
1431	127992.0	127953.0
1432	128273.0	130163.0
1433	127702.0	130404.0
1434	126778.0	132583.0
1435	124823.0	131153.0
1436	127718.0	130951.0
1437	124582.0	126234.0
1438	125259.0	128123.0
1439	130804.0	126973.0
1440	127049.0	123404.0
1441	122554.0	127673.0
1442	123843.0	130299.0
1443	129543.0	131875.0
1444	131982.0	128800.0
1445	128401.0	127363.0
1446	125278.0	127322.0
1447	126038.0	123715.0
1448	124243.0	126399.0
1449	127281.0	128644.0
1450	129559.0	127522.0
1451	129495.0	133525.0
1452	133419.0	130522.0
1453	134406.0	134955.0
1454	136549.0	129334.0
1455	132146.0	123606.0
1456	126959.0	123290.0
1457	131040.0	127485.0
1458	125929.0	122943.0
1459	122193.0	121509.0
1460	126928.0	127514.0
1461	133398.0	127331.0
1462	128066.0	121954.0
1463	121809.0	129053.0
1464	127984.0	127683.0
1465	131552.0	125553.0
1466	128281.0	125871.0
1467	130921.0	125050.0
1468	126851.0	119743.0
1469	126213.0	121181.0
1470	122512.0	123800.0
1471	122806.0	123117.0
1472	124885.0	127519.0
1473	128107.0	125339.0
1474	125380.0	121002.0
1475	124171.0	119021.0
1476	124309.0	118394.0
1477	120444.0	122688.0
1478	122577.0	130067.0
1479	131049.0	125983.0
1480	125293.0	118622.0
1481	125279.0	122198.0
1482	123185.0	120306.0
1483	121493.0	119118.0
1484	120367.0	124153.0
1485	121947.0	126052.0
1486	120359.0	123375.0
1487	123344.0	124680.0
1488	124074.0	123594.0
1489	121464.0	123721.0
1490	121046.0	123450.0
1491	126617.0	121983.0
1492	124408.0	116993.0
1493	120984.0	122554.0
1494	119076.0	128542.0
1495	123570.0	128342.0
1496	124054.0	127556.0
1497	123161.0	122101.0
1498	120803.0	123196.0
1499	123052.0	125550.0
1500	126450.0	124978.0
1501	123449.0	126607.0
1502	121312.0	118950.0
1503	118611.0	121024.0
1504	119172.0	124612.0
1505	118708.0	124079.0
1506	121279.0	127553.0
1507	124766.0	125540.0
1508	123768.0	130969.0
1509	126307.0	126032.0
1510	130245.0	124700.0
1511	122050.0	125220.0
1512	119361.0	127288.0
1513	122860.0	125629.0
1514	122649.0	121943.0
1515	119724.0	127192.0
1516	125706.0	131679.0
1517	124617.0	124232.0
1518	123128.0	126503.0
1519	124083.0	123951.0
1520	122714.0	123312.0
1521	116148.0	123648.0
1522	123152.0	124786.0
1523	122547.0	126414.0
1524	121458.0	117291.0
1525	116870.0	124720.0
1526	119378.0	132010.0
1527	130573.0	130878.0
1528	127706.0	124959.0
1529	122296.0	123098.0
1530	125893.0	126752.0
1531	129054.0	126678.0
1532	125287.0	122506.0
1533	118441.0	123330.0
1534	123021.0	131272.0
1535	129516.0	124933.0
1536	125504.0	120841.0
1537	122099.0	124393.0
1538	123569.0	122293.0
1539	121646.0	124968.0
1540	120876.0	126192.0
1541	125944.0	123427.0
1542	122164.0	123083.0
1543	119555.0	122615.0
1544	122376.0	122985.0
1545	118900.0	123911.0
1546	119060.0	123608.0
1547	123442.0	127797.0
1548	121838.0	129209.0
1549	126286.0	127201.0
1550	123460.0	122336.0
1551	120991.0	121947.0
1552	118822.0	130749.0
1553	124486.0	127256.0
1554	124561.0	127882.0
1555	121784.0	125319.0
1556	121399.0	124037.0
1557	120225.0	125396.0
1558	124348.0	132047.0
1559	134363.0	129279.0
1560	124636.0	124604.0
1561	123566.0	124016.0
1562	124550.0	126033.0
1563	123891.0	128240.0
1564	128467.0	131447.0
1565	127974.0	127643.0
1566	130948.0	132996.0
1567	129653.0	122989.0
1568	126532.0	122148.0
1569	118359.0	123479.0
1570	119860.0	129650.0
1571	128350.0	124486.0
1572	125210.0	121412.0
1573	121302.0	123974.0
1574	125095.0	129855.0
1575	123592.0	130425.0
1576	127592.0	135281.0
1577	128106.0	128797.0
1578	129956.0	132645.0
1579	125110.0	125433.0
1580	124270.0	129238.0
1581	126684.0	129311.0
1582	127268.0	129218.0
1583	125345.0	129556.0
1584	126749.0	125087.0
1585	128047.0	128627.0
1586	129980.0	124248.0
1587	124816.0	128286.0
1588	128169.0	126389.0
1589	126877.0	123146.0
1590	129476.0	124512.0
1591	128947.0	124568.0
1592	126640.0	128320.0
1593	125839.0	126665.0
1594	128103.0	127204.0
1595	124997.0	124781.0
1596	123936.0	124619.0
1597	126670.0	127989.0
1598	131514.0	121746.0
1599	121847.0	122620.0
1600	122876.0	125965.0
1601	126162.0	124549.0
1602	123078.0	119919.0
1603	121384.0	126725.0
1604	121188.0	122490.0
1605	124600.0	123784.0
1606	121988.0	121027.0
1607	118826.0	124841.0
1608	125687.0	128082.0
1609	126373.0	125814.0
1610	124920.0	127649.0
1611	126019.0	123865.0
1612	122498.0	121322.0
1613	122965.0	119855.0
1614	121871.0	120894.0
1615	123801.0	124463.0
1616	124841.0	122506.0
1617	123958.0	121091.0
1618	124035.0	120123.0
1619	122299.0	120959.0
1620	120318.0	120867.0
1621	118733.0	117968.0
1622	119383.0	116610.0
1623	114225.0	121583.0
1624	118885.0	128923.0
1625	123614.0	125423.0
1626	126072.0	123517.0
1627	119696.0	116805.0
1628	117456.0	124996.0
1629	121303.0	129186.0
1630	123288.0	131735.0
1631	127158.0	133075.0
1632	129923.0	129884.0
1633	129324.0	127496.0
1634	124990.0	124914.0
1635	124871.0	123020.0
1636	121115.0	126758.0
1637	123765.0	124673.0
1638	124168.0	126665.0
1639	122045.0	124249.0
1640	121459.0	123448.0
1641	124005.0	124054.0
1642	122658.0	126458.0
1643	124776.0	129859.0
1644	121796.0	122581.0
1645	123668.0	126229.0
1646	126885.0	125912.0
1647	124960.0	128370.0
1648	129140.0	125714.0
1649	126812.0	124406.0
1650	125155.0	123274.0
1651	124748.0	124335.0
1652	125113.0	127183.0
1653	125483.0	124564.0
1654	125034.0	124031.0
1655	123148.0	128325.0
1656	124445.0	126330.0
1657	124430.0	125019.0
1658	127657.0	120572.0
1659	124225.0	126655.0
1660	127336.0	128315.0
1661	127283.0	128105.0
1662	123242.0	123077.0
1663	121533.0	116800.0
1664	117268.0	120030.0
1665	118879.0	120743.0
1666	120181.0	122981.0
1667	121968.0	121847.0
1668	123122.0	120459.0
1669	120741.0	121256.0
1670	119406.0	118256.0
1671	118714.0	119320.0
1672	118563.0	121955.0
1673	119711.0	123979.0
1674	122223.0	125515.0
1675	121725.0	119754.0
1676	122431.0	123185.0
1677	124214.0	123284.0
1678	120768.0	130067.0
1679	123678.0	132451.0
1680	128853.0	128775.0
1681	125177.0	119316.0
1682	126831.0	124500.0
1683	125331.0	125361.0
1684	123490.0	124354.0
1685	126394.0	124400.0
1686	129013.0	125466.0
1687	119603.0	120468.0
1688	117047.0	120627.0
1689	122439.0	121844.0
1690	122996.0	121695.0
1691	119827.0	122503.0
1692	120246.0	128647.0
1693	122624.0	124011.0
1694	121966.0	121741.0
1695	122161.0	126123.0
1696	120921.0	122616.0
1697	124731.0	128377.0
1698	126822.0	124892.0
1699	123142.0	125633.0
1700	124338.0	126922.0
1701	125356.0	127420.0
1702	123436.0	127548.0
1703	127816.0	136161.0
1704	133518.0	136977.0
1705	132177.0	128511.0
1706	128037.0	126694.0
1707	132262.0	129240.0
1708	131768.0	125209.0
1709	125443.0	129288.0
1710	127791.0	129534.0
1711	126360.0	123340.0
1712	129048.0	124285.0
1713	127057.0	119641.0
1714	121989.0	120889.0
1715	125568.0	126642.0
1716	128489.0	129714.0
1717	133234.0	124330.0
1718	122528.0	120340.0
1719	123054.0	122477.0
1720	123742.0	118126.0
1721	120952.0	118202.0
1722	121780.0	124560.0
1723	124091.0	129070.0
1724	126305.0	127198.0
1725	132517.0	119103.0
1726	122536.0	113079.0
1727	116334.0	120803.0
1728	123601.0	124777.0
1729	127524.0	122984.0
1730	122652.0	122142.0
1731	121707.0	123699.0
1732	125446.0	125731.0
1733	124405.0	127327.0
1734	129338.0	125520.0
1735	126998.0	122163.0
1736	121443.0	120066.0
1737	120543.0	117977.0
1738	118571.0	118494.0
1739	118855.0	122964.0
1740	129383.0	127775.0
1741	124391.0	123825.0
1742	122855.0	120179.0
1743	121417.0	120058.0
1744	121913.0	119169.0
1745	121724.0	117273.0
1746	116627.0	120737.0
1747	122354.0	127772.0
1748	123720.0	126814.0
1749	126433.0	124124.0
1750	128470.0	121553.0
1751	124708.0	122222.0
1752	122343.0	119507.0
1753	119652.0	117150.0
1754	116678.0	119578.0
1755	117698.0	124818.0
1756	124421.0	125813.0
1757	128935.0	122840.0
1758	128100.0	125515.0
1759	126567.0	127868.0
1760	126817.0	124019.0
1761	125685.0	118782.0
1762	125886.0	119602.0
1763	118185.0	120858.0
1764	122559.0	124962.0
1765	124685.0	121778.0
1766	125070.0	120671.0
1767	123045.0	125500.0
1768	126510.0	124026.0
1769	128393.0	124469.0
1770	125987.0	126780.0
1771	126643.0	126377.0
1772	125946.0	121340.0
1773	120999.0	116886.0
1774	116041.0	121371.0
1775	122973.0	127370.0
1776	125161.0	126840.0
1777	126873.0	126295.0
1778	127788.0	129311.0
1779	127741.0	126170.0
1780	128168.0	124296.0
1781	126191.0	123098.0
1782	124876.0	122615.0
1783	121890.0	119405.0
1784	122497.0	123933.0
1785	127658.0	126373.0
1786	126358.0	123865.0
1787	124199.0	120732.0
1788	125313.0	119863.0
1789	123035.0	117628.0
1790	121357.0	122757.0
1791	123213.0	121370.0
1792	124103.0	122717.0
1793	123281.0	118604.0
1794	120029.0	121632.0
1795	122627.0	121788.0
1796	119378.0	119139.0
1797	122277.0	119486.0
1798	123322.0	125049.0
1799	124322.0	122958.0
1800	119887.0	124482.0
1801	121795.0	123814.0
1802	123417.0	126175.0
1803	125348.0	120232.0
1804	121541.0	123280.0
1805	122489.0	118892.0
1806	121316.0	117454.0
1807	119942.0	122372.0
1808	122921.0	123877.0
1809	120233.0	124019.0
1810	122738.0	126889.0
1811	119029.0	121657.0
1812	124328.0	123711.0
1813	121837.0	122980.0
1814	120486.0	122275.0
1815	124093.0	130422.0
1816	129338.0	127481.0
1817	128216.0	128935.0
1818	126490.0	126903.0
1819	123012.0	121616.0
1820	122556.0	122088.0
1821	122939.0	125705.0
1822	122781.0	135580.0
1823	131199.0	135168.0
1824	132614.0	128457.0
1825	129524.0	126987.0
1826	125399.0	124745.0
1827	124316.0	124410.0
1828	124535.0	122248.0
1829	123029.0	127886.0
1830	127260.0	130338.0
1831	127334.0	125896.0
1832	125453.0	126690.0
1833	128469.0	132972.0
1834	130761.0	129679.0
1835	134621.0	129551.0
1836	127365.0	128617.0
1837	130487.0	137901.0
1838	139400.0	125753.0
1839	131047.0	131785.0
1840	135368.0	134831.0
1841	136284.0	132829.0
1842	140601.0	130411.0
1843	132296.0	125526.0
1844	128088.0	125902.0
1845	130314.0	124917.0
1846	130786.0	124024.0
1847	130354.0	120383.0
1848	124690.0	118206.0
1849	126094.0	125369.0
1850	128788.0	128878.0
1851	125466.0	124148.0
1852	135342.0	124435.0
1853	130336.0	123425.0
1854	126505.0	117179.0
1855	122183.0	118010.0
1856	121706.0	121221.0
1857	124026.0	120131.0
1858	118314.0	119272.0
1859	123121.0	119437.0
1860	122917.0	123306.0
1861	126548.0	122031.0
1862	126992.0	119108.0
1863	118093.0	118035.0
1864	122111.0	123345.0
1865	122707.0	117793.0
1866	124556.0	122832.0
1867	123267.0	125787.0
1868	126821.0	126598.0
1869	127509.0	120411.0
1870	123720.0	118484.0
1871	118754.0	117258.0
1872	123190.0	125546.0
1873	124519.0	124932.0
1874	130116.0	126147.0
1875	127349.0	122600.0
1876	123351.0	127215.0
1877	129540.0	130089.0
1878	133355.0	123573.0
1879	128174.0	122647.0
1880	124502.0	121450.0
1881	124729.0	125859.0
1882	124544.0	128779.0
1883	129858.0	129279.0
1884	131486.0	127270.0
1885	128775.0	127534.0
1886	128204.0	125750.0
1887	131932.0	125684.0
1888	124222.0	119476.0
1889	124729.0	123105.0
1890	122836.0	118426.0
1891	122251.0	118274.0
1892	122113.0	121322.0
1893	122446.0	121438.0
1894	121180.0	125282.0
1895	125355.0	127479.0
1896	129394.0	124281.0
1897	126486.0	126053.0
1898	124595.0	126708.0
1899	128821.0	129636.0
1900	132223.0	129083.0
1901	126944.0	123923.0
1902	127378.0	126194.0
1903	126906.0	123360.0
1904	128568.0	123522.0
1905	128467.0	126442.0
1906	130092.0	124588.0
1907	133744.0	126342.0
1908	125909.0	122384.0
1909	128016.0	125329.0
1910	126666.0	125418.0
1911	128881.0	120996.0
1912	124376.0	120652.0
1913	119979.0	124733.0
1914	132755.0	127904.0
1915	125686.0	121231.0
1916	125755.0	121698.0
1917	123715.0	126817.0
1918	124835.0	125905.0
1919	130122.0	125645.0
1920	127066.0	122236.0
1921	125308.0	120560.0
1922	124740.0	118325.0
1923	122631.0	117200.0
1924	119839.0	121689.0
1925	117249.0	121422.0
1926	126203.0	127491.0
1927	124318.0	122377.0
1928	123686.0	117674.0
1929	117315.0	121337.0
1930	121067.0	127476.0
1931	122941.0	126805.0
1932	122669.0	128940.0
1933	126660.0	125341.0
1934	120987.0	122964.0
1935	124556.0	131261.0
1936	129929.0	131653.0
1937	127894.0	128855.0
1938	129410.0	128244.0
1939	125117.0	126060.0
1940	123815.0	124646.0
1941	125201.0	120334.0
1942	121909.0	119744.0
1943	123511.0	125489.0
1944	125142.0	126856.0
1945	125633.0	123955.0
1946	122512.0	120813.0
1947	123640.0	127011.0
1948	122298.0	130578.0
1949	126237.0	135584.0
1950	130691.0	128769.0
1951	128510.0	126406.0
1952	124755.0	129580.0
1953	130398.0	133651.0
1954	129915.0	132241.0
1955	137025.0	131356.0
1956	132786.0	128986.0
1957	131203.0	124563.0
1958	127496.0	122254.0
1959	126695.0	119375.0
1960	122835.0	128389.0
1961	118964.0	127330.0
1962	129450.0	133158.0
1963	130685.0	129607.0
1964	126228.0	128484.0
1965	130711.0	131156.0
1966	129177.0	125594.0
1967	125765.0	125493.0
1968	125713.0	131584.0
1969	130406.0	129704.0
1970	130994.0	127192.0
1971	125751.0	122257.0
1972	123176.0	123598.0
1973	126491.0	131367.0
1974	137228.0	134862.0
1975	133382.0	130596.0
1976	134726.0	126562.0
1977	129738.0	122353.0
1978	120641.0	120193.0
1979	121712.0	127500.0
1980	128994.0	127302.0
1981	124694.0	126820.0
1982	129408.0	129266.0
1983	131131.0	131528.0
1984	134388.0	132001.0
1985	128465.0	124792.0
1986	126248.0	123798.0
1987	128472.0	123953.0
1988	127854.0	120498.0
1989	123204.0	120491.0
1990	120914.0	123090.0
1991	125743.0	127633.0
1992	130048.0	131783.0
1993	133021.0	128456.0
1994	127712.0	120749.0
1995	123199.0	124431.0
1996	121742.0	125424.0
1997	124449.0	129558.0
1998	129393.0	130420.0
1999	132950.0	129153.0
